#	tasso pos	tamponi	ricoverati_con_sintomi	terapia_intensiva	totale_ospedalizzati	totale_positivi	variazione_totale_positivi	nuovi_positivi	dimessi_guariti	deceduti	positivi giorn	media mobile	media positivi	morti giornalieri	media morti	media tamponi	casi testati	media mobile casi test	tasso vero	media vero	media osp	media icu	media tot	tot positivi
02/24/20 00:00	0	1	0	0	0	0	0	0	0	0	0	#DIV/0!	0	10	2.5	0.25	0	0	0	0	0	0	0	0
02/25/20 00:00	#DIV/0!	0	0	0	0	0	0	0	0	0	0	#DIV/0!	0	0	2	0.2	0	0	0	0	0	0	0	0
02/26/20 00:00	#DIV/0!	0	0	0	0	0	0	0	0	0	0	#DIV/0!	0	0	1.66666666666667	10	0	0	0	0	0	0	0	0
02/27/20 00:00	#DIV/0!	0	0	0	0	0	0	0	0	0	0	#DIV/0!	0	0	1.42857142857143	12.5714285714286	0	0	0	0	0	0	0	0
02/28/20 00:00	#DIV/0!	0	0	0	0	0	0	0	0	0	0	#DIV/0!	0	0	0	12.4285714285714	0	0	0	0	0	0	0	0
02/29/20 00:00	0	59	0	0	0	0	0	0	0	0	0	#DIV/0!	0.142857142857143	0	0	12.4285714285714	0	0	0	0	0.142857142857143	0	0.142857142857143	0
03/01/20 00:00	0	28	0	0	0	0	0	0	0	0	0	#DIV/0!	0.285714285714286	0	0	14.2857142857143	0	0	0	0	0.285714285714286	0	0.285714285714286	0
03/02/20 00:00	#DIV/0!	0	0	0	0	0	0	0	0	0	0	#DIV/0!	0.285714285714286	0	0	15.4285714285714	0	0	0	0	0.571428571428571	0	0.571428571428571	0
03/03/20 00:00	#DIV/0!	0	1	0	1	1	1	1	0	0	1	#DIV/0!	0.714285714285714	0	0	22.4285714285714	0	0	0	0	0.857142857142857	0	0.857142857142857	1
03/04/20 00:00	7.69230769230769	13	1	0	1	2	1	1	0	0	1	#DIV/0!	0.714285714285714	0	0	14	0	0	0	0	1.14285714285714	0	1.14285714285714	2
03/05/20 00:00	0	8	2	0	2	2	0	0	0	0	0	#DIV/0!	1.57142857142857	0	0	17.1428571428571	0	0	0	0	1.85714285714286	0	1.85714285714286	2
03/06/20 00:00	6.12244897959184	49	2	0	2	5	3	3	0	0	3	#DIV/0!	2.71428571428571	0	0	22.2857142857143	0	0	0	0	3	0	3	5
03/07/20 00:00	#DIV/0!	0	2	0	2	5	0	0	0	0	0	#DIV/0!	2.71428571428571	0	0	25	0	0	0	0	4.14285714285714	0	4.14285714285714	5
03/08/20 00:00	12	50	5	0	5	11	6	6	0	0	6	#DIV/0!	5	0	0	34.4285714285714	0	0	0	0	5.42857142857143	0	5.42857142857143	11
03/09/20 00:00	22.2222222222222	36	8	0	8	19	8	8	0	0	8	#DIV/0!	5.28571428571429	0	0	36	0	0	0	0	6.85714285714286	0	6.85714285714286	19
03/10/20 00:00	5.26315789473684	19	9	0	9	20	1	1	0	0	1	#DIV/0!	5.42857142857143	0	0	57.8571428571429	0	0	0	0	8.28571428571429	0	8.28571428571429	20
03/11/20 00:00	21.5189873417721	79	10	0	10	37	17	17	0	0	17	#DIV/0!	6	0	0	61.5714285714286	0	0	0	0	10	0	10	37
03/12/20 00:00	10.5263157894737	19	12	0	12	39	2	2	0	0	2	12.6993566646603	9.42857142857143	0	0.285714285714286	66.2857142857143	0	0	0	0	11.5714285714286	0	11.5714285714286	39
03/13/20 00:00	1.98019801980198	202	12	0	12	43	4	4	0	0	4	16.1485821379822	12.5714285714286	0	0.285714285714286	87.4285714285714	0	0	0	0	16	0	16	43
03/14/20 00:00	15.3846153846154	26	14	0	14	47	4	4	0	0	4	15.3031715099629	13.8571428571429	0	0.285714285714286	114.142857142857	0	0	0	0	19.8571428571429	0.571428571428571	20.4285714285714	47
03/15/20 00:00	36.144578313253	83	16	0	16	75	28	30	0	2	30	15.2447730867203	13.8571428571429	2	0.285714285714286	121.714285714286	0	0	0	0	24.4285714285714	1.57142857142857	26	77
03/16/20 00:00	16.304347826087	184	39	0	39	105	30	30	0	2	30	14.0104588777225	23.8571428571429	0	0.285714285714286	147.428571428571	0	0	0	0	28.8571428571429	2.85714285714286	31.7142857142857	107
03/17/20 00:00	4.85436893203883	206	36	4	40	115	10	10	0	2	10	17.6754001253139	35.7142857142857	0	0.285714285714286	201.142857142857	0	0	0	0	35.1428571428571	5	40.1428571428571	117
03/18/20 00:00	12.8787878787879	132	42	7	49	132	17	17	0	2	17	19.5427865673689	40.4285714285714	0	0.571428571428571	252.428571428571	0	0	0	0	42.4285714285714	7.28571428571429	49.7142857142857	134
03/19/20 00:00	36.1809045226131	199	43	9	52	204	72	72	0	2	72	18.7178971710509	37.4285714285714	0	0.714285714285714	255.571428571429	0	0	0	0	49.7142857142857	9.57142857142857	59.2857142857143	206
03/20/20 00:00	15.0519031141869	578	56	15	71	288	84	87	3	2	87	14.7788757793617	36	0	1.28571428571429	253	0	0	0	0	55	12.1428571428571	67.1428571428571	293
03/21/20 00:00	9.61038961038961	385	65	16	81	321	33	37	5	4	37	14.170853628647	43.4285714285714	2	1.85714285714286	265.142857142857	0	0	0	0	61.2857142857143	14.2857142857143	75.5714285714286	330
03/22/20 00:00	8.57142857142857	105	67	16	83	327	6	9	5	7	9	16.521064056127	44	3	2.28571428571429	269.142857142857	0	0	0	0	67	16	83	339
03/23/20 00:00	12.0481927710843	166	76	18	94	343	16	20	5	11	20	16.5562372163002	41.1428571428572	4	2.42857142857143	303.857142857143	0	0	0	0	74	17.5714285714286	91.5714285714286	359
03/24/20 00:00	21.3058419243986	291	80	19	99	395	52	62	11	15	62	13.0682088391201	33.8571428571429	4	2.71428571428571	269.857142857143	0	0	0	0	79.2857142857143	18.1428571428571	97.4285714285714	421
03/25/20 00:00	13.125	160	82	19	101	412	17	21	12	18	21	12.4305420076817	42	3	3.14285714285714	275.428571428571	0	0	0	0	83.5714285714286	19	102.571428571429	442
03/26/20 00:00	11.7647058823529	442	92	20	112	462	50	52	13	19	52	14.2247451091624	42.7142857142857	1	2.85714285714286	313.714285714286	0	0	0	0	89	20	109	494
03/27/20 00:00	10.5882352941176	340	93	19	112	496	34	36	13	21	36	13.5364483427347	46.1428571428572	2	2.42857142857143	346.428571428571	0	0	0	0	94.2857142857143	20.8571428571429	115.142857142857	530
03/28/20 00:00	22.1698113207547	424	95	22	117	569	73	94	29	26	94	13.4065980191982	43	5	2.28571428571429	342.571428571429	0	0	0	0	99	22.1428571428571	121.142857142857	624
03/29/20 00:00	3.75335120643432	373	105	23	128	582	13	14	29	27	14	12.5274084802148	43.2857142857143	1	2.28571428571429	354.571428571429	0	0	0	0	104.285714285714	23.2857142857143	127.571428571429	638
03/30/20 00:00	11.1392405063291	395	113	24	137	622	40	44	32	28	44	11.9990126956715	42.8571428571429	1	3	358.428571428571	0	0	0	0	107.857142857143	23.8571428571429	131.714285714286	682
03/31/20 00:00	15.1515151515152	264	113	28	141	657	35	40	34	31	40	11.8108777401968	42.1428571428571	3	2.85714285714286	382.428571428571	0	0	0	0	112	24.5714285714286	136.571428571429	722
04/01/20 00:00	9.42622950819672	244	119	27	146	675	18	23	36	34	23	11.1700387274263	35.7142857142857	3	2.14285714285714	366.285714285714	0	0	0	0	116	24.8571428571429	140.857142857143	745
04/02/20 00:00	10.4477611940299	469	117	24	141	718	43	49	36	40	49	10.2537266829823	38.4285714285714	6	2.28571428571429	365.571428571429	0	0	0	0	119	25.1428571428571	144.142857142857	794
04/03/20 00:00	6.10236220472441	508	122	24	146	744	26	31	40	41	31	10.9985895541128	34.2857142857143	1	2.71428571428571	361.142857142857	0	0	0	0	120.428571428571	25.4285714285714	145.857142857143	825
04/04/20 00:00	15.7556270096463	311	123	24	147	789	45	49	44	41	49	9.99596649904848	30.4285714285714	0	3	346.142857142857	0	0	0	0	121.714285714286	25.1428571428571	146.857142857143	874
04/05/20 00:00	8.96739130434783	368	126	25	151	815	26	33	49	43	33	8.99947871010786	32.8571428571429	2	3.57142857142857	427.428571428571	0	0	0	0	120.714285714286	25.7142857142857	146.428571428571	907
04/06/20 00:00	4.12087912087912	364	123	26	149	819	4	15	56	47	15	8.35573866615005	33.1428571428571	4	3.42857142857143	421.142857142857	0	0	0	0	119.142857142857	25.8571428571429	145	922
04/07/20 00:00	8.17610062893082	159	122	26	148	821	2	13	62	52	13	8.57748706700293	34	5	4	423.714285714286	0	0	0	0	117	26.1428571428571	143.142857142857	935
04/08/20 00:00	4.92004920049201	813	112	31	143	840	19	40	76	59	40	8.71060968523078	31	7	4.57142857142857	475.857142857143	0	0	0	0	115.571428571429	26.1428571428571	141.714285714286	975
04/09/20 00:00	12	425	106	25	131	876	36	51	86	64	51	7.05152180304124	29.4285714285714	5	4.28571428571429	500.857142857143	0	0	0	0	113.142857142857	26.2857142857143	139.428571428571	1026
04/10/20 00:00	7.03422053231939	526	107	26	133	876	0	37	118	69	37	6.3492609563533	29.4285714285714	5	4	498.428571428572	0	0	0	0	110.857142857143	26.4285714285714	137.285714285714	1063
04/11/20 00:00	4.14201183431953	676	113	24	137	888	12	28	130	73	28	6.37810202059988	29	4	4	601.857142857143	0	0	0	0	108.714285714286	26.1428571428571	134.857142857143	1091
04/12/20 00:00	4.05156537753223	543	109	26	135	903	15	22	137	73	22	5.37187376378935	26.5714285714286	0	3.42857142857143	557.428571428572	0	0	0	0	108	25.4285714285714	133.428571428571	1113
04/13/20 00:00	4.32276657060519	347	107	27	134	914	11	15	139	75	15	5.3235343504009	19.7142857142857	2	3	554	0	0	0	0	108.428571428571	25.2857142857143	133.714285714286	1128
04/14/20 00:00	1.13250283125708	883	107	24	131	900	-14	10	158	80	10	3.71612430408811	16.4285714285714	5	2.42857142857143	551.428571428571	0	0	0	0	109.285714285714	24.8571428571429	134.142857142857	1138
04/15/20 00:00	4.58167330677291	502	107	26	133	870	-30	23	208	83	23	3.10493644401549	15.2857142857143	3	1.85714285714286	566.714285714286	0	0	0	0	109.142857142857	24.7142857142857	133.857142857143	1161
04/16/20 00:00	0.748129675810474	401	109	24	133	865	-5	3	214	85	3	2.87811738430518	14.5714285714286	2	1.85714285714286	599.428571428571	0	1965.71428571429	0	0.01764950166113	110.285714285714	24.1428571428571	134.428571428571	1164
04/17/20 00:00	2.75590551181102	508	113	23	136	872	7	14	220	86	14	2.61390412163774	14.2857142857143	1	1.57142857142857	616.857142857143	0	2022.85714285714	0	0.481935215946844	111.428571428571	23.2857142857143	134.714285714286	1178
04/18/20 00:00	2.55427841634738	783	112	23	135	881	9	20	231	86	20	2.39234532735999	14	0	1.85714285714286	570.428571428571	0	2075.14285714286	0	0.794191265907812	112.142857142857	22.8571428571429	135	1198
04/19/20 00:00	2.2020725388601	772	117	22	139	864	-17	17	265	86	17	2.4353723166479	12.2857142857143	0	1.85714285714286	641.571428571429	13760	2193.42857142857	0.123546511627907	0.983977325259089	110.714285714286	22	132.714285714286	1215
04/20/20 00:00	2.77185501066098	469	115	21	136	854	-10	13	288	86	13	1.93799041568034	12.8571428571429	0	1.85714285714286	721.142857142857	400	2299.14285714286	3.25	1.11911246039422	108	21.4285714285714	129.428571428571	1228
04/21/20 00:00	1.4336917562724	558	112	21	133	837	-17	8	306	93	8	1.9354988813191	11.2857142857143	7	2.28571428571429	940.714285714286	366	2578.57142857143	2.18579234972678	1.14102306512691	105.428571428571	20.8571428571429	126.285714285714	1236
04/22/20 00:00	1.1	1000	97	20	117	833	-4	11	318	96	11	1.56275513198948	10.4285714285714	3	2.42857142857143	894.857142857143	828	2640	1.32850241545894	1.60613934419668	103.142857142857	20.1428571428571	123.285714285714	1247
04/23/20 00:00	0.730688935281837	958	90	20	110	817	-16	7	339	98	7	1.63075864826886	9.28571428571429	2	3.28571428571429	891.714285714286	740	771.714285714286	0.945945945945946	1.77701099879864	100	19.8571428571429	119.857142857143	1254
04/24/20 00:00	0.146699266503668	2045	95	19	114	804	-13	3	351	102	3	1.4876054284317	7.85714285714286	4	3.28571428571429	866.714285714286	1956	752	0.153374233128834	1.47630216564706	97.4285714285714	19.5714285714286	117	1257
04/25/20 00:00	3.03030303030303	462	96	18	114	794	-10	14	374	103	14	1.23739873594661	7	1	2.28571428571429	890	430	789.571428571429	3.25581395348837	1.20946969052143	95.1428571428571	19.1428571428571	114.285714285714	1271
04/26/20 00:00	1.2	750	95	20	115	783	-11	9	388	109	9	1.07221312939372	6.14285714285714	6	2.85714285714286	916.142857142857	682	816.714285714286	1.31964809384164	1.08984922196443	93.7142857142857	18.7142857142857	112.428571428571	1280
04/27/20 00:00	1.02040816326531	294	97	19	116	776	-7	3	398	109	3	0.975449453509168	5.85714285714286	0	2.57142857142857	987.142857142857	262	894.857142857143	1.14503816793893	1.01021414232935	93.2857142857143	18.1428571428571	111.428571428571	1283
04/28/20 00:00	0.277392510402219	721	96	18	114	772	-4	2	404	109	2	0.920157121566598	8	0	2.14285714285714	907.571428571429	629	770.285714285714	0.317965023847377	1.22552019547753	91.7142857142857	17.1428571428571	108.857142857143	1285
04/29/20 00:00	0.422654268808115	1183	87	17	104	761	-11	5	413	116	5	1.07201114340248	6.28571428571429	7	2.28571428571429	948.428571428572	1018	797.857142857143	0.491159135559921	0.806264957453391	90.2857142857143	16.4285714285714	106.714285714286	1290
04/30/20 00:00	0.343642611683849	1455	87	16	103	744	-17	5	435	116	5	0.677307807522673	5.57142857142857	0	1.42857142857143	948	1287	785.714285714286	0.388500388500388	0.71346047982155	89.8571428571429	15	104.857142857143	1295
05/01/20 00:00	1.20967741935484	1488	84	12	96	744	0	18	452	117	18	0.582375698132733	4.85714285714286	1	1.42857142857143	951	1084	786	1.66051660516605	0.441658490462309	89	13.5714285714286	102.571428571429	1313
05/02/20 00:00	0.267379679144385	748	86	13	99	730	-14	2	466	119	2	0.345900155534741	4.71428571428571	2	1.42857142857143	964.428571428572	623	796.857142857143	0.321027287319422	0.416498340145713	88.7142857142857	12.2857142857143	101	1315
05/03/20 00:00	0.535475234270415	747	92	10	102	689	-41	4	511	119	4	0.323801137834862	4.14285714285714	0	0.428571428571429	952.428571428571	597	789.571428571429	0.670016750418761	0.361105980257038	89.2857142857143	11.4285714285714	100.714285714286	1319
05/04/20 00:00	-0.634920634920635	315	91	9	100	653	-36	-2	545	119	-2	0.276420786681851	4.14285714285714	0	0.428571428571429	901.428571428571	264	740.285714285714	-0.757575757575758	0.38143243370451	89.7142857142857	10.4285714285714	100.142857142857	1317
05/05/20 00:00	0.122699386503067	815	94	9	103	642	-11	1	557	119	1	0.292382328754598	2.42857142857143	0	0.285714285714286	853.857142857143	705	725.285714285714	0.141843971631206	0.231768672365306	90.5714285714286	10.1428571428571	100.714285714286	1318
05/06/20 00:00	0.090991810737034	1099	91	11	102	623	-19	1	577	119	1	0.193782771629695	2.71428571428571	0	0	905.714285714286	967	776.857142857143	0.103412616339193	0.243979640611196	90.7142857142857	9.85714285714286	100.571428571429	1319
05/07/20 00:00	0.455373406193078	1098	90	9	99	583	-40	5	622	119	5	0.20701938940912	3	0	0.142857142857143	901.285714285714	942	774.857142857143	0.530785562632696	0.295285750512167	89.4285714285714	9.85714285714286	99.2857142857143	1324
05/08/20 00:00	0.519480519480519	1155	90	10	100	553	-30	6	658	119	6	0.250235616915581	3.71428571428571	0	0.142857142857143	941.285714285714	979	808	0.612870275791624	0.489916388691193	88.4285714285714	10	98.4285714285714	1330
05/09/20 00:00	0.36003600360036	1111	87	11	98	550	-3	4	665	119	4	0.412967376285996	3.71428571428571	0	0.142857142857143	944.142857142857	984	817.142857142857	0.40650406504065	0.488229965844379	86	10.2857142857143	96.2857142857143	1334
05/10/20 00:00	0.837988826815642	716	83	10	93	515	-35	6	705	120	6	0.412547532362974	3.71428571428571	1	0.142857142857143	963.428571428572	583	835.857142857143	1.02915951972556	0.486467403687154	84.1428571428571	10.1428571428571	94.2857142857143	1340
05/11/20 00:00	0.504201680672269	595	84	10	94	511	-4	3	712	120	3	0.411125456135896	3	0	0.857142857142857	995.714285714286	496	855.142857142857	0.604838709677419	0.410640894739625	82.1428571428571	10.2857142857143	92.4285714285714	1343
05/12/20 00:00	0.119760479041916	835	77	11	88	506	-5	1	718	120	1	0.346072112394028	2.57142857142857	0	0.857142857142857	1089.28571428571	769	906.428571428572	0.130039011703511	0.355118747717504	80	10.2857142857143	90.2857142857143	1344
05/13/20 00:00	0.081037277147488	1234	78	10	88	491	-15	1	734	120	1	0.295538589090181	2.57142857142857	0	0.857142857142857	1132.42857142857	1098	918.571428571429	0.091074681238616	0.35050123528553	78.2857142857143	10.1428571428571	88.4285714285714	1345
05/14/20 00:00	0	1324	76	10	86	465	-26	0	755	125	0	0.284545679062144	1.85714285714286	5	0.714285714285714	1171.85714285714	1077	950	0	0.221268875502641	77.2857142857143	10.1428571428571	87.4285714285714	1345
05/15/20 00:00	0.165745856353591	1810	75	10	85	461	-4	3	762	125	3	0.179233911176039	1.42857142857143	0	0.857142857142857	1249.42857142857	1338	1014.57142857143	0.224215246636771	0.134863345548724	75.5714285714286	10.1428571428571	85.7142857142857	1348
05/16/20 00:00	0.283085633404105	1413	75	10	85	415	-46	4	812	125	4	0.107205099651429	1.42857142857143	0	0.857142857142857	1276.71428571429	1069	1021.71428571429	0.374181478016838	0.133729218462525	74.7142857142857	9.85714285714286	84.5714285714286	1352
05/17/20 00:00	0.100806451612903	992	76	10	86	405	-10	1	823	125	1	0.104020157922523	1.42857142857143	0	0.857142857142857	1266	803	1001.57142857143	0.12453300124533	0.135646150848649	73.2857142857143	9.85714285714286	83.1428571428571	1353
05/18/20 00:00	0	1138	72	10	82	380	-25	0	847	126	0	0.104769300753296	1.57142857142857	1	0.285714285714286	1251.57142857143	948	990.714285714286	0	0.149917593691521	71.5714285714286	10.1428571428571	81.7142857142857	1353
05/19/20 00:00	0.097465886939571	1026	71	9	80	341	-39	1	887	126	1	0.116450179155351	1.14285714285714	0	0.428571428571429	1192.14285714286	819	962.714285714286	0.122100122100122	0.117886844171982	69.1428571428571	9.57142857142857	78.7142857142857	1354
05/20/20 00:00	0.086281276962899	1159	68	10	78	331	-10	1	898	126	1	0.092772199676267	0.571428571428571	0	0.571428571428571	1202.57142857143	957	979.571428571429	0.104493207941484	0.064432347312434	66.7142857142857	9	75.7142857142857	1355
05/21/20 00:00	0.081766148814391	1223	64	12	76	318	-13	1	911	127	1	0.052331394904252	0.428571428571429	1	0.571428571428571	1221	1001	989.285714285714	0.0999000999001	0.046641918563101	63.1428571428572	8	71.1428571428571	1356
05/22/20 00:00	0	1394	58	6	64	306	-12	0	922	128	0	0.037930473245266	0.142857142857143	1	0.428571428571429	1098	1142	891.428571428571	0	-0.06199469197465	59.8571428571429	7	66.8571428571429	1356
05/23/20 00:00	0	1486	58	6	64	287	-19	0	940	129	0	-0.065215478276137	0	1	0.571428571428571	1079.28571428571	1187	880	0	-0.079437566560382	55.5714285714286	6	61.5714285714286	1356
05/24/20 00:00	0	1121	51	3	54	245	-42	0	982	129	0	-0.079139176410361	0	0	0.571428571428571	1103.14285714286	871	897.857142857143	0	-0.081162104584238	51.7142857142857	4.85714285714286	56.5714285714286	1356
05/25/20 00:00	-0.72202166064982	277	49	3	52	231	-14	-2	994	129	-2	-0.080691532934042	-0.142857142857143	0	0.428571428571429	1113.14285714286	263	907.714285714286	-0.760456273764259	-0.09543354742711	48	3.42857142857143	51.4285714285714	1354
05/26/20 00:00	0	895	41	2	43	224	-7	0	1000	130	0	-0.092372411336098	0	1	0.285714285714286	1091.71428571429	739	891.142857142857	0	-0.081509849292885	45	2.85714285714286	47.8571428571429	1354
05/27/20 00:00	0.075414781297134	1326	41	2	43	215	-9	1	1010	130	1	-0.080888718180379	0	0	0.142857142857143	986.428571428571	1082	806	0.092421441774492	-0.081509849292885	41.5714285714286	2.28571428571429	43.8571428571429	1355
05/28/20 00:00	0	1293	38	2	40	200	-15	0	1025	130	0	-0.080888718180379	0	0	0.142857142857143	928.571428571429	1070	765	0	-0.081509849292885	39	2.14285714285714	41.1428571428572	1355
05/29/20 00:00	0.080385852090032	1244	37	2	39	190	-10	1	1036	130	1	-0.080888718180379	0.428571428571429	0	0.285714285714286	944.857142857143	1026	775.714285714286	0.097465886939571	0.069392188125678	35.2857142857143	1.85714285714286	37.1428571428571	1356
05/30/20 00:00	0	749	34	2	36	186	-4	0	1040	130	0	0.058793587012927	0.428571428571429	0	0.142857142857143	893.714285714286	591	724.714285714286	0	0.069392188125678	32.4285714285714	1.71428571428571	34.1428571428571	1356
05/31/20 00:00	0	716	33	2	35	185	-1	0	1041	130	0	0.058793587012927	0.285714285714286	0	0.142857142857143	758.714285714286	584	616	0	0.056189125015036	28.2857142857143	1.57142857142857	29.8571428571429	1356
06/01/20 00:00	0.255754475703325	391	23	1	24	161	-24	1	1065	131	1	0.048020046827623	0.285714285714286	1	0.142857142857143	709.857142857143	338	578.571428571429	0.29585798816568	0.056189125015036	24.5714285714286	1.42857142857143	26	1357
06/02/20 00:00	0	537	21	1	22	155	-6	0	1071	131	0	0.048020046827623	0.428571428571429	0	0.142857142857143	709	382	573.142857142857	0	0.071183876851893	20.8571428571429	1.14285714285714	22	1357
06/03/20 00:00	0	381	12	1	13	146	-9	0	1080	131	0	0.059615052033316	0.857142857142857	0	0.142857142857143	795	321	646.285714285714	0	0.110038947438605	17.4285714285714	1	18.4285714285714	1357
06/04/20 00:00	0	951	12	1	13	108	-38	0	1118	131	0	0.091337585606331	0.857142857142857	0	0.142857142857143	839.428571428572	808	674.142857142857	0	0.110038947438605	14.1428571428571	0.857142857142857	15	1357
06/05/20 00:00	0.161550888529887	1238	11	0	11	67	-41	2	1161	131	2	0.091337585606331	0.714285714285714	0	0	831.857142857143	988	671	0.202429149797571	0.067773520557793	12.1428571428571	0.857142857142857	13	1359
06/06/20 00:00	0.222057735011103	1351	10	1	11	60	-7	3	1171	131	3	0.054801231934427	0.571428571428571	0	0	864	1103	710.142857142857	0.271985494106981	0.045996517073473	10.4285714285714	0.857142857142857	11.2857142857143	1362
06/07/20 00:00	0	1027	10	1	11	59	-1	0	1172	131	0	0.036053575391495	0.571428571428571	0	0	938.571428571429	779	768.857142857143	0	0.045996517073473	10	0.857142857142857	10.8571428571429	1362
06/08/20 00:00	0	338	9	1	10	56	-3	0	1175	131	0	0.036053575391495	0.714285714285714	0	0	939.571428571429	316	765.857142857143	0	0.064148631794838	9.71428571428571	0.857142857142857	10.5714285714286	1362
06/09/20 00:00	-0.131233595800525	762	9	1	10	54	-2	-1	1176	131	-1	0.050965594478879	0.571428571428571	0	0	896.428571428572	656	726.285714285714	-0.152439024390244	0.055322606979472	9.57142857142857	1	10.5714285714286	1361
06/10/20 00:00	0	903	9	1	10	50	-4	0	1180	131	0	0.043149411379982	0.142857142857143	0	0.142857142857143	847.714285714286	732	686.714285714286	0	0.016467536392761	9.85714285714286	0.857142857142857	10.7142857142857	1361
06/11/20 00:00	0.104384133611691	958	10	1	11	43	-7	1	1188	131	1	0.011426877806968	0.142857142857143	0	0.142857142857143	799.571428571429	787	649.428571428571	0.127064803049555	0.016467536392761	10.1428571428571	0.714285714285714	10.8571428571429	1362
06/12/20 00:00	0.106837606837607	936	10	1	11	42	-1	1	1190	131	1	0.011426877806968	0.142857142857143	0	0.142857142857143	803.428571428571	711	647.857142857143	0.140646976090014	0.016467536392761	10.5714285714286	0.571428571428571	11.1428571428571	1363
06/13/20 00:00	0	1010	12	0	12	34	-8	0	1197	132	0	0.011426877806968	0.571428571428571	1	0.142857142857143	847.142857142857	826	689.857142857143	0	0.068319727847006	11.1428571428571	0.428571428571429	11.5714285714286	1363
06/14/20 00:00	0	690	12	0	12	33	-1	0	1198	132	0	0.056926808293185	0.714285714285714	0	0.142857142857143	896.714285714286	518	738.142857142857	0	0.081670862693468	11.4285714285714	0.285714285714286	11.7142857142857	1363
06/15/20 00:00	0	365	12	0	12	33	0	0	1198	132	0	0.068355379721756	0.714285714285714	0	0.142857142857143	941.285714285714	305	778.285714285714	0	0.076894884943746	11.4285714285714	0.142857142857143	11.5714285714286	1363
06/16/20 00:00	0.187265917602996	1068	13	0	13	33	0	2	1200	132	2	0.064691954560131	0.714285714285714	0	0.142857142857143	968.142857142857	950	801.285714285714	0.210526315789474	0.073185159656968	11.4285714285714	0	11.4285714285714	1365
06/17/20 00:00	0.08	1250	11	0	11	31	-2	1	1203	132	1	0.062139149516223	0.857142857142857	0	0	1019.71428571429	1070	840.428571428572	0.093457943925234	0.086172172643981	11	0	11	1366
06/18/20 00:00	0.078740157480315	1270	10	0	10	31	0	1	1204	132	1	0.072559072408794	0.857142857142857	0	0	1045.28571428571	1068	863.285714285714	0.093632958801498	0.086172172643981	10.5714285714286	0	10.5714285714286	1367
06/19/20 00:00	0.088967971530249	1124	10	0	10	30	-1	1	1206	132	1	0.072559072408794	0.857142857142857	0	0	1035	872	856.571428571429	0.114678899082569	0.086172172643981	10.1428571428571	0	10.1428571428571	1368
06/20/20 00:00	0.072939460247994	1371	9	0	9	28	-2	1	1209	132	1	0.072559072408794	0.571428571428571	0	0	989.571428571429	1100	802.142857142857	0.090909090909091	-0.16986334673443	9.28571428571429	0	9.28571428571429	1369
06/21/20 00:00	0	869	9	0	9	28	0	0	1209	132	0	-0.125621772963063	0.571428571428571	0	0	999.571428571429	678	799.428571428571	0	-0.169621984639204	8.71428571428571	0	8.71428571428571	1369
06/22/20 00:00	0	293	9	0	9	28	0	0	1209	132	0	-0.126227833569124	0.571428571428571	0	0	957.142857142857	258	764.428571428571	0	-0.165640024058338	8.14285714285714	0	8.14285714285714	1369
06/23/20 00:00	-1.2	750	7	0	7	15	-13	0	1213	132	-9	-0.122794295649339	0.428571428571429	0	0	957.142857142857	569	757.428571428572	-1.5817223198594	-0.182022723927277	7.42857142857143	0	7.42857142857143	1360
06/24/20 00:00	0.075757575757576	1320	7	0	7	15	0	1	1214	132	1	-0.135504005867946	0.428571428571429	0	0	876.285714285714	1051	673.285714285714	0.095147478591817	-0.167053348879624	7	0	7	1361
06/25/20 00:00	0.102774922918808	973	6	0	6	14	-1	1	1216	132	1	-0.128177699834163	0.571428571428571	0	0	870.857142857143	823	680.571428571429	0.121506682867558	-0.147457032987012	6.57142857142857	0	6.57142857142857	1362
06/26/20 00:00	0	1124	5	0	5	12	-2	0	1218	132	0	-0.11098670791393	0.571428571428571	0	0	871.285714285714	823	678.571428571429	0	-0.147457032987012	6.14285714285714	0	6.14285714285714	1362
06/27/20 00:00	0.124223602484472	805	6	0	6	13	1	1	1218	132	1	-0.11098670791393	0.857142857142857	0	0.142857142857143	901.428571428571	511	697	0.195694716242661	0.119436577177103	6	0	6	1363
06/28/20 00:00	0.120336943441637	831	6	0	6	14	1	1	1218	132	1	0.090172798552549	0.714285714285714	0	0.142857142857143	874.285714285714	729	691	0.137174211248285	0.105844080235415	5.71428571428571	0	5.71428571428571	1364
06/29/20 00:00	0	296	6	0	6	14	0	0	1218	132	0	0.079350287730038	0.857142857142857	0	0.142857142857143	851.285714285714	244	738.857142857143	0	0.113159064350807	5.85714285714286	0	5.85714285714286	1364
06/30/20 00:00	0.208116545265349	961	6	0	6	14	0	2	1219	133	2	0.099854644272953	1	1	0.142857142857143	855.428571428572	698	735	0.286532951289398	0.131105941594166	6	0	6	1366
07/01/20 00:00	0	1130	5	0	5	11	-3	0	1222	133	0	0.112244682682072	0.857142857142857	0	0.142857142857143	841.857142857143	1009	763.428571428571	0	0.1031495535595	6	0	6	1366
07/02/20 00:00	0.246305418719212	812	7	0	7	13	2	2	1222	133	2	0.094498453755719	0.857142857142857	0	0.142857142857143	767.285714285714	1158	712.285714285714	0.172711571675302	0.122059206091994	5.71428571428571	0	5.71428571428571	1368
07/03/20 00:00	0.086730268863834	1153	6	0	6	14	1	1	1222	133	1	0.123539546902521	1	0	0.285714285714286	760	796	718.428571428571	0.125628140703518	0.171835214056155	5.28571428571429	0	5.28571428571429	1369
07/04/20 00:00	0	710	6	0	6	13	-1	0	1223	133	0	0.181848584803396	0.714285714285714	0	0.142857142857143	754.571428571429	710	730.571428571429	0	0.130901935300527	5.14285714285714	0	5.14285714285714	1369
07/05/20 00:00	0.323624595469256	309	4	0	4	12	-1	1	1225	133	1	0.152117649765489	0.714285714285714	0	0.142857142857143	713.142857142857	371	693.571428571429	0.269541778975741	0.130901935300527	4.85714285714286	0	4.85714285714286	1370
07/06/20 00:00	0.408163265306122	245	3	0	3	10	-2	1	1227	134	1	0.152117649765489	0.428571428571429	1	0.142857142857143	735.428571428571	287	650.714285714286	0.348432055749129	0.106228853632627	4.28571428571429	0	4.28571428571429	1371
07/07/20 00:00	0	923	5	0	5	13	3	0	1224	134	0	0.11693116137703	0.428571428571429	0	0.142857142857143	694.428571428572	783	637	0	0.108690139654573	3.85714285714286	0	3.85714285714286	1371
07/08/20 00:00	0	840	3	0	3	10	-3	0	1227	134	0	0.12103732884056	0.428571428571429	0	0.142857142857143	720.285714285714	750	635.142857142857	0	0.108690139654573	3.42857142857143	0	3.42857142857143	1371
07/09/20 00:00	0	968	3	0	3	10	0	0	1227	134	0	0.12103732884056	0.285714285714286	0	0.142857142857143	734	858	634.428571428571	0	0.070184171229467	3.28571428571429	0	3.28571428571429	1371
07/10/20 00:00	0.115473441108545	866	3	0	3	10	0	1	1228	134	1	0.074805243773524	0.285714285714286	0	0	772.714285714286	700	651.714285714286	0.142857142857143	0.055422168867547	3.28571428571429	0	3.28571428571429	1372
07/11/20 00:00	0	891	3	0	3	9	-1	0	1229	134	0	0.044181698674421	0.428571428571429	0	0	761.571428571429	697	646.571428571429	0	0.074546284377205	3.14285714285714	0	3.14285714285714	1372
07/12/20 00:00	0	405	3	0	3	9	0	0	1229	134	0	0.061087869426746	0.714285714285714	0	0	802	366	665.428571428572	0	0.106940194322135	3.28571428571429	0	3.28571428571429	1372
07/13/20 00:00	0.193798449612403	516	3	0	3	10	1	1	1229	134	1	0.086529925144848	0.857142857142857	0	0	779	408	639.714285714286	0.245098039215686	0.128010569374811	3.42857142857143	0	3.42857142857143	1373
07/14/20 00:00	0.118343195266272	845	4	0	4	10	0	1	1230	134	1	0.104232173330367	0.714285714285714	0	0	809	747	663.285714285714	0.133868808567604	0.107602406109505	3.71428571428571	0	3.71428571428571	1374
07/15/20 00:00	0.178094390026714	1123	4	0	4	12	2	2	1230	134	2	0.087735967457718	0.857142857142857	0	0	788.714285714286	882	655.571428571429	0.226757369614512	0.129819691157272	4.28571428571429	0	4.28571428571429	1376
07/16/20 00:00	0.123915737298637	807	4	0	4	11	-1	1	1232	134	1	0.106809017238378	1	0	0	794.142857142857	678	661.285714285714	0.147492625368732	0.165006179545731	4.85714285714286	0	4.85714285714286	1377
07/17/20 00:00	0	1076	5	0	5	10	-1	0	1233	134	0	0.13905667928288	0.857142857142857	0	0	799.285714285714	865	671.857142857143	0	0.12999217394349	5.42857142857143	0	5.42857142857143	1377
07/18/20 00:00	0.133511348464619	749	7	0	7	11	1	1	1233	134	1	0.111371186481108	0.714285714285714	0	0	774.857142857143	643	641	0.15552099533437	0.110868058433832	5.85714285714286	0	5.85714285714286	1378
07/19/20 00:00	0.225733634311512	443	7	0	7	12	1	1	1233	134	1	0.094465015728783	0.571428571428571	0	0	709.285714285714	406	619.571428571429	0.246305418719212	0.097990151611463	6.28571428571429	0	6.28571428571429	1379
07/20/20 00:00	0	552	7	0	7	12	0	0	1233	134	0	0.090537589959046	0.714285714285714	0	0	749.857142857143	482	660.285714285714	0	0.10658896510648	6.71428571428571	0	6.71428571428571	1379
07/21/20 00:00	0	674	7	0	7	12	0	0	1233	134	0	0.099023635606183	1.14285714285714	0	0	703.857142857143	531	635.571428571429	0	0.168521252472293	7	0	7	1379
07/22/20 00:00	0.150602409638554	664	7	0	7	12	0	1	1234	134	1	0.155863347618309	1.42857142857143	0	0	706	732	626	0.136612021857924	0.220708729329288	6.85714285714286	0	6.85714285714286	1380
07/23/20 00:00	0.183318056828598	1091	7	0	7	14	2	2	1234	134	2	0.192886034561658	1.28571428571429	0	0	690.857142857143	963	609.857142857143	0.207684319833853	0.185522240940829	6.71428571428571	0	6.71428571428571	1382
07/24/20 00:00	0.397877984084881	754	7	0	7	16	2	3	1235	134	3	0.160638372517156	1.28571428571429	0	0.142857142857143	666.571428571429	692	592.428571428571	0.433526011560694	0.10615716157575	6.42857142857143	0	6.42857142857143	1385
07/25/20 00:00	0.392670157068063	764	6	0	6	19	3	3	1235	134	3	0.085844056885145	2.14285714285714	0	0	675	576	604.857142857143	0.520833333333333	0.244853416776859	6.14285714285714	0	6.14285714285714	1388
07/26/20 00:00	0	337	6	0	6	19	0	0	1235	134	0	0.20278032661814	2.28571428571429	0	0	694.714285714286	293	587.285714285714	0	0.272252731505577	5.57142857142857	0	5.57142857142857	1388
07/27/20 00:00	-0.523560209424084	382	5	0	5	15	-4	0	1236	135	-2	0.216890919327417	2	1	0	638.571428571429	360	536.571428571429	-0.555555555555556	0.242583542957884	5	0	5	1386
07/28/20 00:00	0.818553888130969	733	5	0	5	21	6	6	1237	134	6	0.19070262549476	3	-1	0	622.857142857143	618	557.285714285714	0.970873786407767	0.351328845624499	4.42857142857143	0	4.42857142857143	1392
07/29/20 00:00	0.249376558603491	802	3	0	3	23	2	2	1237	134	2	0.355690775062048	3.42857142857143	0	0	612.857142857143	609	558	0.328407224958949	0.424452974794239	4.14285714285714	0	4.14285714285714	1394
07/30/20 00:00	0	698	3	0	3	23	0	0	1237	134	0	0.423102654641045	4	0	0	618.571428571429	608	565.714285714286	0	0.58912979653158	3.71428571428571	0	3.71428571428571	1394
07/31/20 00:00	1.5527950310559	644	3	0	3	33	10	10	1237	134	10	0.574675220006714	4.28571428571429	0	-0.142857142857143	624	837	566.571428571429	1.194743130227	0.746558888386901	3.42857142857143	0	3.42857142857143	1404
08/01/20 00:00	0.864553314121038	694	4	0	4	39	6	6	1237	134	6	0.717496746523079	3.71428571428571	0	0	664.142857142857	581	559.285714285714	1.03270223752151	0.658253159766795	3.14285714285714	0	3.14285714285714	1410
08/02/20 00:00	1.06100795755968	377	3	0	3	43	4	4	1237	134	4	0.628737428043958	4.71428571428571	0	0	697	347	596.571428571429	1.15273775216138	0.759121093147043	3.42857142857143	0	3.42857142857143	1414
08/03/20 00:00	0.476190476190476	420	3	0	3	44	1	2	1238	134	2	0.71769692299429	5.14285714285714	0	0	731.428571428571	366	623.857142857143	0.546448087431694	0.812759569814306	4	0	4	1416
08/04/20 00:00	0.19723865877712	1014	3	0	3	45	1	2	1239	134	2	0.763338182693058	4.14285714285714	0	0	753.428571428572	567	597.285714285714	0.352733686067019	0.707914764508671	4.71428571428571	0	4.71428571428571	1418
08/05/20 00:00	0.872093023255814	1032	5	0	5	53	8	9	1240	134	9	0.59521601391708	3.28571428571429	0	0	796	870	607.714285714286	1.03448275862069	0.560385873434169	5	0	5	1427
08/06/20 00:00	0.319488817891374	939	7	0	7	55	2	3	1241	134	3	0.471708397614075	3.57142857142857	0	0	807.142857142857	799	616.142857142857	0.375469336670838	0.606827982027581	5.42857142857143	0	5.42857142857143	1430
08/07/20 00:00	0.37593984962406	798	8	0	8	58	3	3	1241	134	3	0.508518877774309	3.57142857142857	0	0	795.571428571429	651	605	0.460829493087558	0.627970318743689	5.85714285714286	0	5.85714285714286	1433
08/08/20 00:00	0	992	6	0	6	54	-4	0	1245	134	0	0.524773167100659	6.14285714285714	0	0	774.428571428571	654	631.285714285714	0	0.958024912954012	6.28571428571429	0	6.28571428571429	1433
08/09/20 00:00	1.31868131868132	455	6	0	6	60	6	6	1245	134	6	0.82652033329977	5	0	0	733.714285714286	406	594.857142857143	1.47783251231527	0.833470465439093	6.42857142857143	0	6.42857142857143	1439
08/10/20 00:00	0.589970501474926	339	6	0	6	62	2	2	1245	134	2	0.721059731201455	7	0	0	765.142857142857	288	608.714285714286	0.694444444444444	1.05087790713918	6.57142857142857	0	6.57142857142857	1441
08/11/20 00:00	2.3094688221709	866	6	0	6	82	20	20	1245	134	20	0.884958715555442	7.28571428571429	0	2.14285714285714	733	751	576.571428571429	2.66311584553928	1.15271782529635	6.57142857142857	0	6.57142857142857	1461
08/12/20 00:00	0.133868808567604	747	6	0	6	83	1	1	1245	134	1	0.955910215472025	8	0	2.14285714285714	684.714285714286	615	560.428571428571	0.16260162601626	1.28474845640277	6.85714285714286	0	6.85714285714286	1462
08/13/20 00:00	1.46678170836928	1159	8	0	8	98	15	17	1247	134	17	1.06512821459828	7.85714285714286	0	2.14285714285714	668.285714285714	896	544.142857142857	1.89732142857143	1.26932424231468	7.14285714285714	0	7.14285714285714	1479
08/14/20 00:00	0.87260034904014	573	8	0	8	103	5	5	1247	134	5	1.04481239596313	8.57142857142857	15	2.14285714285714	668.428571428571	426	544.142857142857	1.17370892018779	1.51734011533055	7.57142857142857	0	7.57142857142857	1484
08/15/20 00:00	0.764525993883792	654	8	0	8	101	-2	5	1254	134	5	1.25464854281125	7.42857142857143	0	2.14285714285714	688.857142857143	541	554.285714285714	0.924214417744917	1.3454455680533	8	0	8	1489
08/16/20 00:00	1.17647058823529	340	8	0	8	105	4	5	1254	134	4	1.09462390150155	12.5714285714286	0	2.14285714285714	742.857142857143	292	600.571428571429	1.36986301369863	1.88512563395483	8.71428571428571	0	8.71428571428571	1493
08/17/20 00:00	2.05882352941176	340	9	0	9	110	5	7	1256	134	7	1.54534105583316	13.4285714285714	0	2.14285714285714	739.285714285714	288	617.857142857143	2.43055555555556	1.86692421621959	9.28571428571429	0	9.28571428571429	1500
08/18/20 00:00	1.18929633300297	1009	9	0	9	122	12	12	1256	134	12	1.56255818139492	18.7142857142857	0	0	792.285714285714	822	671.428571428571	1.45985401459854	2.44831518374761	10	0	10	1512
08/19/20 00:00	3.28888888888889	1125	11	0	11	154	32	37	1261	134	37	2.07349420901388	24.2857142857143	0	0	807.428571428572	939	687.285714285714	3.94036208732694	3.28035116087958	10.8571428571429	0	10.8571428571429	1549
08/20/20 00:00	1.58730158730159	1134	12	0	12	171	17	23	1262	134	18	2.79134387906056	35.1428571428571	0	0	913.285714285714	1017	776.428571428571	1.76991150442478	4.34791283889768	12.2857142857143	0	12.2857142857143	1567
08/21/20 00:00	4.44915254237288	944	13	0	13	213	42	42	1262	134	42	3.69371407783387	47.1428571428571	0	0	1021	801	866.571428571429	5.2434456928839	5.41527168305195	13.5714285714286	0	13.5714285714286	1609
08/22/20 00:00	5.78947368421053	760	14	0	14	257	44	44	1262	134	44	4.58789624795969	50.2857142857143	0	0	1103.14285714286	652	954.714285714286	6.74846625766871	5.54425709683064	15	0	15	1653
08/23/20 00:00	7.49306197964847	1081	18	0	18	338	81	81	1262	134	81	4.72463457845422	52.5714285714286	0	0	1172.14285714286	916	1022.71428571429	8.84279475982533	5.51643151847954	16.2857142857143	0.142857142857143	16.4285714285714	1734
08/24/20 00:00	8.31809872029251	1094	18	0	18	429	91	91	1262	134	91	4.72565329439831	57.4285714285714	0	0	1242.85714285714	919	1086.57142857143	9.90206746463547	5.80027710371784	18	0.428571428571429	18.4285714285714	1825
08/25/20 00:00	2.14646464646465	1584	19	0	19	463	34	34	1262	134	34	4.98122513639477	59.2857142857143	0	0	1329.71428571429	1439	1169.57142857143	2.36275191104934	5.61974764872864	19.4285714285714	0.714285714285714	20.1428571428571	1859
08/26/20 00:00	3.29601990049751	1608	20	1	21	513	50	53	1265	134	53	4.8518911207686	63	0	0	1477.71428571429	1415	1301.14285714286	3.74558303886926	5.29140894894544	20.8571428571429	1	21.8571428571429	1912
08/27/20 00:00	3.37630448127686	1629	24	2	26	568	55	57	1265	134	55	4.58161632464689	54.5714285714286	0	0	1485.28571428571	1464	1312	3.7568306010929	4.34497283118237	22.2857142857143	1.42857142857143	23.7142857142857	1967
08/28/20 00:00	3.54381443298969	1552	23	2	25	622	54	55	1266	134	55	3.78832679517834	52.8571428571429	0	0	1483.71428571429	1382	1323.28571428571	3.97973950795948	4.06122485956682	23.7142857142857	2	25.7142857142857	2022
08/29/20 00:00	3.89755011135857	1796	24	2	26	691	69	70	1267	134	70	3.64210585940776	55.1428571428571	0	0	1507.28571428571	1573	1347.14285714286	4.45009535918627	4.16844959100738	25.4285714285714	2.85714285714286	28.2857142857143	2092
08/30/20 00:00	1.94003527336861	1134	28	3	31	712	21	22	1268	134	22	3.74386468758168	58	0	0.142857142857143	1550	992	1390	2.21774193548387	4.2414462664209	27.1428571428571	3.42857142857143	30.5714285714286	2114
08/31/20 00:00	7.29455216989843	1083	28	4	32	789	77	79	1270	134	79	3.81986214430138	55.4285714285714	0	0.142857142857143	1569.85714285714	998	1408.85714285714	7.91583166332665	4.05384318377282	28.7142857142857	4	32.7142857142857	2193
09/01/20 00:00	2.8587764436821	1749	31	6	37	837	48	50	1272	134	50	3.65265898311057	57	0	0.142857142857143	1669.85714285714	1606	1471.28571428571	3.11332503113325	4.00364714474209	31.2857142857143	4.57142857142857	35.8571428571429	2243
09/02/20 00:00	3.8280020975354	1907	32	5	37	909	72	73	1272	135	73	3.56507524147819	56.2857142857143	1	0.285714285714286	1755.42857142857	1715	1538.85714285714	4.25655976676385	3.82176646432769	34.1428571428571	5.42857142857143	39.5714285714286	2316
09/03/20 00:00	2.20588235294118	1768	35	6	41	946	37	39	1274	135	39	3.39599486469896	55.8571428571429	0	0.285714285714286	1761.28571428571	1596	1553	2.44360902255639	3.75373497924023	36.5714285714286	6.14285714285714	42.7142857142857	2355
09/04/20 00:00	2.93072824156305	2252	41	6	47	1010	64	66	1276	135	66	3.34985000801712	53	0	0.285714285714286	1771.57142857143	1819	1559.85714285714	3.62836723474437	3.42869265202913	39.1428571428571	7	46.1428571428572	2421
09/05/20 00:00	2.71398747390397	2395	44	8	52	1070	60	65	1280	136	65	3.03751757063522	53.1428571428572	1	0.285714285714286	1714.85714285714	2046	1511.71428571429	3.17693059628543	3.55806229466021	41.5714285714286	7.57142857142857	49.1428571428571	2486
09/06/20 00:00	1.61702127659574	1175	45	8	53	1085	15	19	1284	136	19	3.16800512855384	49.4285714285714	0	0.428571428571429	1629.28571428571	1091	1428.57142857143	1.74152153987168	3.54259360020259	44.2857142857143	8.57142857142857	52.8571428571429	2505
09/07/20 00:00	5.10822510822511	1155	46	10	56	1142	57	59	1286	136	59	3.13447228194219	52.8571428571429	0	0.571428571428571	1658.28571428571	1046	1435	5.64053537284895	3.74195266645008	47.4285714285714	9.42857142857143	56.8571428571429	2564
09/08/20 00:00	3.77218934911243	1352	48	10	58	1193	51	51	1286	136	51	3.27596723608823	52.7142857142857	0	0.571428571428571	1653	1269	1449.28571428571	4.01891252955083	3.70749746482167	50.2857142857143	10.2857142857143	60.5714285714286	2615
09/09/20 00:00	3.59327217125382	1308	51	12	63	1233	40	47	1291	138	47	3.27651137958631	50.7142857142857	2	0.571428571428571	1591.42857142857	1133	1372.71428571429	4.14827890556046	3.73614787159641	52.8571428571429	11.1428571428571	64	2662
09/10/20 00:00	3.19634703196347	1971	57	12	69	1286	53	63	1300	139	63	3.25976193248511	52.7142857142857	1	0.571428571428571	1602.42857142857	1641	1351.14285714286	3.83912248628885	3.98887883702508	57.8571428571429	12	69.8571428571429	2725
09/11/20 00:00	2.93453724604966	2215	61	12	73	1337	51	65	1314	139	65	3.40529928548626	52	0	0.571428571428571	1626.28571428571	1919	1354.28571428571	3.38718082334549	3.90539946594393	63.4285714285714	12.8571428571429	76.2857142857143	2790
09/12/20 00:00	2.59674134419552	1964	62	14	76	1379	42	51	1322	140	51	3.25908428731535	49.8571428571429	1	0.571428571428571	1664	1510	1370.85714285714	3.37748344370861	3.70259453005657	68.8571428571429	14	82.8571428571429	2841
09/13/20 00:00	2.63578274760383	1252	80	14	94	1404	25	33	1330	140	33	3.03844620491033	47	0	0.285714285714286	1736.85714285714	940	1427.57142857143	3.51063829787234	3.36208409816978	74.1428571428571	14.7142857142857	88.8571428571429	2874
09/14/20 00:00	4.08472012102874	1322	85	16	101	1440	36	54	1348	140	54	2.73728568256713	45.2857142857143	0	0.142857142857143	1733.71428571429	1068	1429	5.0561797752809	3.25492902117204	78	15.4285714285714	93.4285714285714	2928
09/15/20 00:00	2.22772277227723	1616	86	18	104	1457	17	36	1367	140	36	2.65448275320432	45.4285714285714	0	0.285714285714286	1694.14285714286	1385	1368.28571428571	2.59927797833935	3.4021418582271	82	16.1428571428571	98.1428571428571	2964
09/16/20 00:00	1.48514851485149	1818	88	17	105	1480	23	27	1371	140	27	2.72177354025694	46.5714285714286	0	0.142857142857143	1755.85714285714	1530	1418.28571428571	1.76470588235294	3.37279322494769	86.1428571428571	16.7142857142857	102.857142857143	2991
09/17/20 00:00	2.61672652642381	1949	84	17	101	1514	34	51	1388	140	51	2.70258726189464	52.1428571428571	0	0.142857142857143	1759.28571428571	1651	1438.28571428571	3.08903694730466	3.82365442048973	88.4285714285714	17.2857142857143	105.714285714286	3042
09/18/20 00:00	3.40557275541796	1938	89	17	106	1567	53	66	1400	141	66	3.13213733064268	53.5714285714286	1	0.428571428571429	1725	1494	1404.14285714286	4.41767068273092	4.20422084583734	90.2857142857143	17.8571428571429	108.142857142857	3108
09/19/20 00:00	2.46243739565943	2396	91	18	109	1595	28	59	1431	141	59	3.3936019238625	56	0	0.428571428571429	1806	1860	1469.57142857143	3.17204301075269	4.24371628695977	91.7142857142857	18.2857142857143	110	3167
09/20/20 00:00	5.64263322884013	1276	96	18	114	1665	70	72	1433	141	72	3.42219175359346	59.1428571428571	0	0.714285714285714	1856.14285714286	1080	1520.42857142857	6.66666666666667	4.36277133209554	93.4285714285714	18.8571428571429	112.285714285714	3239
09/21/20 00:00	5.91497227356747	1082	98	20	118	1714	49	64	1446	143	64	3.53275704841577	61.2857142857143	2	1.14285714285714	1909.85714285714	829	1562.57142857143	7.72014475271411	4.40599069052639	97.4285714285714	19	116.428571428571	3303
09/22/20 00:00	2.42785158039395	2183	96	21	117	1723	9	53	1490	143	53	3.56446892712942	60	0	1	1912.42857142857	1843	1583	2.87574606619642	4.27232048303617	100.714285714286	19.2857142857143	120	3356
09/23/20 00:00	2.25910557860765	2169	100	21	121	1745	22	49	1515	145	49	3.49426002341941	60.5714285714286	2	1	1842.14285714286	1886	1541.14285714286	2.59809119830329	4.39351736535457	103.285714285714	19.2857142857143	122.571428571429	3405
09/24/20 00:00	2.83870967741935	2325	112	18	130	1762	17	66	1561	148	66	3.61517232824117	70.1428571428571	3	1.14285714285714	2014.85714285714	1946	1675.14285714286	3.39157245632066	4.42513754563679	105.285714285714	19.2857142857143	124.571428571429	3471
09/25/20 00:00	2.91411042944785	1956	112	19	131	1784	22	57	1596	148	57	3.60816206243676	66.2857142857143	0	1	2051	1637	1724.42857142857	3.48197923029933	3.77249092362579	106.857142857143	18.8571428571429	125.714285714286	3528
09/26/20 00:00	3.30882352941176	1904	109	18	127	1836	52	63	1607	148	63	3.15909967771631	70.4285714285714	0	1.14285714285714	1980	1567	1675.14285714286	4.02042118698149	4.14366509803336	107.714285714286	18.5714285714286	126.285714285714	3591
09/27/20 00:00	5.59356136820926	2485	110	18	128	1964	128	139	1617	149	139	3.50706122961055	70.7142857142857	1	1.28571428571429	2116.85714285714	2018	1718.28571428571	6.88800792864222	4.10549432616815	107.857142857143	18.2857142857143	126.142857142857	3730
09/28/20 00:00	2.77153558052434	1335	109	17	126	1969	5	37	1648	150	37	3.41732560238655	75	1	1	2078.71428571429	1174	1697	3.15161839863714	4.38416069837514	107.571428571429	18.5714285714286	126.142857142857	3767
09/29/20 00:00	4.86358244365362	1686	102	19	121	2031	62	82	1667	151	82	3.67818465305092	75.4285714285714	1	1	2067.28571428571	1498	1693.28571428571	5.4739652870494	4.41879149202485	106.714285714286	18.8571428571429	125.571428571429	3849
09/30/20 00:00	1.63095618803965	3127	101	19	120	2061	30	51	1685	154	51	3.71878234071128	75.2857142857143	3	1	2090.85714285714	2188	1713.57142857143	2.3308957952468	4.3627102575058	107.285714285714	19.2857142857143	126.571428571429	3900
10/01/20 00:00	4.66472303206997	2058	110	20	130	2136	75	96	1705	155	96	3.67418136837455	71.2857142857143	1	1	1990.57142857143	1797	1642.71428571429	5.34223706176962	4.42057133621864	107.857142857143	19.5714285714286	127.428571428571	3996
10/02/20 00:00	3.19829424307036	1876	106	21	127	2154	18	60	1747	155	60	3.76445298767451	78.5714285714286	0	0.857142857142857	2031.57142857143	1611	1666	3.7243947858473	4.91061153293006	108.857142857143	19.8571428571429	128.714285714286	4056
10/03/20 00:00	2.99661672305462	2069	113	21	134	2186	32	62	1777	155	62	4.14357658186066	75.8571428571429	0	0.857142857142857	2122	1709	1726	3.62785254534816	4.59785528232967	112.142857142857	19.8571428571429	132	4118
10/04/20 00:00	6.22546270330903	1783	114	20	134	2279	93	111	1794	156	111	3.83687740815076	83	1	0.857142857142857	1969	1522	1653.71428571429	7.29303547963206	5.1226924890899	116	19.8571428571429	135.857142857143	4229
10/05/20 00:00	5.42540073982737	1622	116	19	135	2326	47	88	1835	156	88	4.30566243298334	87.4285714285714	0	0.857142857142857	1975.42857142857	1337	1638.28571428571	6.58189977561705	5.43369321671158	118.714285714286	19.7142857142857	138.428571428571	4317
10/06/20 00:00	2.71668822768435	2319	125	19	144	2325	-1	63	1898	157	63	4.50198655930335	98	1	0.857142857142857	2072.42857142857	1918	1708.14285714286	3.28467153284672	5.81320144458373	122.571428571429	20	142.571428571429	4380
10/07/20 00:00	4.9124513618677	2056	128	19	147	2390	65	101	1931	160	101	4.79431858105092	106.857142857143	3	0.857142857142857	2008.14285714286	1682	1651.71428571429	6.00475624256837	6.64305595158661	126.428571428571	20.5714285714286	147	4481
10/08/20 00:00	6.03899191631003	2103	129	19	148	2470	80	127	1977	161	127	5.46038030569352	111.428571428571	1	1.28571428571429	2003.71428571429	1689	1633	7.51924215512137	7.06981857332142	130.142857142857	20.8571428571429	151	4608
10/09/20 00:00	5.24461839530333	2555	133	23	156	2569	99	134	2012	161	134	5.73704284188094	117.285714285714	0	1.42857142857143	1997.42857142857	2100	1630.57142857143	6.38095238095238	7.52565107290859	136	21.4285714285714	157.428571428571	4742
10/10/20 00:00	7.65904879555281	1619	140	25	165	2671	102	124	2034	161	124	6.129829156615	130.714285714286	0	1.57142857142857	2018.42857142857	1314	1662	9.43683409436834	8.10545678337055	141.571428571429	22.4285714285714	164	4866
10/11/20 00:00	8.16210045662101	1752	140	22	162	2772	101	143	2072	165	143	6.65124306175522	133.714285714286	4	1.14285714285714	2033	1391	1700.14285714286	10.2803738317757	8.14186593701962	147.857142857143	23.4285714285714	171.285714285714	5009
10/12/20 00:00	8.17490494296578	1578	157	23	180	2859	87	129	2113	166	129	6.75709040460504	142.142857142857	1	1.14285714285714	2116.57142857143	1320	1799.14285714286	9.77272727272727	8.18319766225058	155.142857142857	24.7142857142857	179.857142857143	5138
10/13/20 00:00	6.36658556366586	2466	164	26	190	2900	41	157	2227	168	157	6.88289768186688	142	2	1.42857142857143	2101.57142857143	2138	1792	7.34331150608045	8.19846230469292	162.857142857143	25.5714285714286	188.428571428571	5295
10/14/20 00:00	5.6533827618165	2158	172	26	198	2926	26	122	2323	168	122	6.90917668661946	142.857142857143	0	1.57142857142857	2298.14285714286	1949	1994	6.25962031811185	7.53111399041575	170.285714285714	26.2857142857143	196.571428571429	5417
10/15/20 00:00	6.91964285714286	2688	180	28	208	3024	98	186	2410	169	186	6.43510794621018	155.285714285714	1	1.28571428571429	2320.85714285714	2382	2065.71428571429	7.80856423173804	7.79820721631935	180	27.2857142857143	207.285714285714	5603
10/16/20 00:00	5.42857142857143	2450	187	29	216	3095	71	133	2470	171	133	6.98846266157216	159.571428571429	2	1.14285714285714	2424.85714285714	2050	2170.57142857143	6.48780487804878	7.50795948936276	187.571428571429	28.7142857142857	216.285714285714	5736
10/17/20 00:00	4.34056761268781	2995	192	30	222	3188	93	130	2506	172	130	6.8056271518163	168.714285714286	1	1.28571428571429	2360.57142857143	2728	2123	4.76539589442815	8.20802460463975	196.428571428571	29.8571428571429	226.285714285714	5866
10/18/20 00:00	12.0355834641549	1911	208	29	237	3396	208	230	2526	174	230	7.46215801233569	175.142857142857	2	1.71428571428571	2369.85714285714	1893	2116.85714285714	12.1500264131009	8.56547953446128	205.571428571429	31.2857142857143	236.857142857143	6096
10/19/20 00:00	6.89505637467476	2306	210	33	243	3502	106	159	2579	174	159	7.72772771354268	183.285714285714	0	1.71428571428571	2468.42857142857	2054	2192.85714285714	7.74099318403116	8.6412636225442	217.571428571429	32.4285714285714	250	6255
10/20/20 00:00	10.9623015873016	2016	226	34	260	3686	184	221	2613	177	221	7.76686526021321	191.666666666667	3	1.66666666666667	2471.5	1805	2216.66666666667	12.2437673130194	9.00017341329343	222.666666666667	33	255.666666666667	6476
10/21/20 00:00	7.51237067026541	2223	236	36	272	3811	125	167	2652	180	167	8.15658089882018	204	3	1.8	2366.8	1906	2114.4	8.76180482686254	9.84712891706649	228.8	33.6	262.4	6643
10/22/20 00:00	7.19360568383659	3378	264	36	300	3993	182	243	2712	181	243	8.91978355604665	197.5	1	1.75	2480.75	2914	2169.75	8.33905284831846	9.27140454305789	234	34.75	268.75	6886

