#	tasso pos	tamponi	ricoverati_con_sintomi	terapia_intensiva	totale_ospedalizzati	totale_positivi	variazione_totale_positivi	nuovi_positivi	dimessi_guariti	deceduti	positivi giorn	media mobile	media positivi	morti giornalieri	media morti
02/24/20 00:00	0	10	0	0	0	0	0	0	0	0	0	#RIF!	#RIF!	10	
02/25/20 00:00	#DIV/0!	0	0	0	0	0	0	0	0	0	0	#RIF!	#RIF!	0	
02/26/20 00:00	#DIV/0!	0	0	0	0	0	0	0	0	0	0	#RIF!	0.666666666666667	0	
02/27/20 00:00	#DIV/0!	0	2	0	2	0	0	0	0	0	0	#DIV/0!	1.85714285714286	0	1.42857142857143
02/28/20 00:00	0.492610837438424	203	2	0	2	3	3	3	0	0	3	#DIV/0!	2.42857142857143	0	0
02/29/20 00:00	5.625	160	3	0	3	4	1	1	0	0	1	#DIV/0!	2.42857142857143	0	0
03/01/20 00:00	#DIV/0!	0	4	0	4	13	9	9	0	0	9	#DIV/0!	4.28571428571429	0	0
03/02/20 00:00	#DIV/0!	0	4	0	4	17	4	4	0	0	4	#DIV/0!	4.42857142857143	0	0
03/03/20 00:00	5.43933054393306	239	11	0	11	17	0	0	0	0	0	#DIV/0!	6	0	0
03/04/20 00:00	4.16666666666667	24	11	0	11	30	13	13	0	0	13	#DIV/0!	7.57142857142857	0	0
03/05/20 00:00	33.3333333333333	42	12	0	12	31	1	1	0	0	1	#DIV/0!	6.85714285714286	0	0
03/06/20 00:00	#DIV/0!	0	12	0	12	45	14	14	0	0	14	#DIV/0!	12	0	0
03/07/20 00:00	2.83687943262411	141	16	0	16	57	12	12	0	0	12	#DIV/0!	14.7142857142857	0	0
03/08/20 00:00	10.8695652173913	368	30	7	37	61	4	4	0	0	4	#DIV/0!	13.8571428571429	0	0
03/09/20 00:00	#DIV/0!	0	42	8	50	100	39	40	1	0	40	#DIV/0!	17.5714285714286	0	0.142857142857143
03/10/20 00:00	4.34782608695652	161	33	8	41	119	19	19	1	0	19	#DIV/0!	19.1428571428571	0	0.142857142857143
03/11/20 00:00	11.5384615384615	234	56	11	67	126	7	7	1	0	7	#DIV/0!	23.2857142857143	0	0.285714285714286
03/12/20 00:00	14.2045454545455	176	56	11	67	149	23	27	4	1	27	#DIV/0!	30.1428571428571	1	0.857142857142857
03/13/20 00:00	34.1666666666667	120	60	19	79	174	25	25	4	1	25	#DIV/0!	33.1428571428571	0	1.28571428571429
03/14/20 00:00	19.622641509434	265	72	17	89	213	39	41	5	2	41	18.2773250842992	40	1	1.28571428571429
03/15/20 00:00	22.0216606498195	277	73	22	95	243	30	52	23	6	52	22.7582478882033	47.5714285714286	4	1.28571428571429
03/16/20 00:00	22.0394736842105	304	103	22	125	296	53	61	28	9	61	#DIV/0!	43.7142857142857	3	1.14285714285714
03/17/20 00:00	35.7142857142857	168	127	24	151	363	67	67	28	9	67	#DIV/0!	67.5714285714286	0	2.28571428571429
03/18/20 00:00	#DIV/0!	0	127	24	151	423	60	60	28	9	60	#DIV/0!	75.5714285714286	0	2.14285714285714
03/19/20 00:00	22.3515715948778	859	213	36	249	423	0	0	28	9	0	#DIV/0!	81.7142857142857	0	2.28571428571429
03/20/20 00:00	32.2259136212625	301	130	41	171	605	182	192	30	17	192	#DIV/0!	86.1428571428571	8	2.85714285714286
03/21/20 00:00	15.7545605306799	603	233	87	320	702	97	97	30	17	97	#DIV/0!	89.4285714285714	0	5.71428571428571
03/22/20 00:00	18.5858585858586	495	243	99	342	793	91	95	29	22	95	#DIV/0!	91.5714285714286	5	6.71428571428571
03/23/20 00:00	10.3448275862069	870	266	110	376	866	73	92	41	29	92	18.4681597437142	105.571428571429	7	9.28571428571429
03/24/20 00:00	15.495867768595	484	345	181	526	929	63	90	48	49	90	16.429164175887	94	20	9.42857142857143
03/25/20 00:00	14.5185185185185	675	318	123	441	992	63	75	53	56	75	13.4490951085581	100.714285714286	7	11.5714285714286
03/26/20 00:00	8.07860262008734	1374	448	114	562	1072	80	98	53	74	98	13.1639755796773	106.857142857143	18	12.4285714285714
03/27/20 00:00	11.3654301499605	1267	456	113	569	1169	97	111	58	83	111	10.5088529245547	117.571428571429	9	12.5714285714286
03/28/20 00:00	13.7587238285145	1003	463	132	595	1292	123	144	64	98	144	11.3996998427745	132.285714285714	15	10.8571428571429
03/29/20 00:00	0	1189	476	135	611	1407	115	138	76	109	138	10.580704586731	141.571428571429	11	11
03/30/20 00:00	16.5807560137457	1164	468	126	594	1556	149	167	86	117	167	10.005282803762	147.428571428571	8	10.5714285714286
03/31/20 00:00	9.7629009762901	1434	501	133	634	1739	183	193	88	125	193	10.7690282869476	163.714285714286	8	12
04/01/20 00:00	10.4905660377359	1325	478	129	607	1871	132	140	88	133	140	10.867786492475	174.714285714286	8	11.8571428571429
04/02/20 00:00	13.4248210023866	1676	503	120	623	1976	105	139	107	148	139	9.8413676458989	176.571428571429	15	11
04/03/20 00:00	12.0567375886525	1833	532	115	647	2140	164	225	149	167	225	11.0162675123875	171.571428571429	19	10.2857142857143
04/04/20 00:00	6.5737919024815	2297	567	114	681	2352	212	221	144	181	221	9.65696082878828	158	14	11.2857142857143
04/05/20 00:00	8.22429906542056	1605	609	108	717	2496	144	151	146	186	151	9.28836945684762	150.857142857143	5	11.8571428571429
04/06/20 00:00	7.06560922855083	1387	610	101	711	2621	125	132	150	189	132	8.6447225095259	148.142857142857	3	10.4285714285714
04/07/20 00:00	7.18276137270551	1253	603	103	706	2698	77	98	156	204	98	7.30439853654058	126.857142857143	15	8.57142857142857
04/08/20 00:00	5.98503740648379	2005	608	97	705	2765	67	90	167	216	90	6.25476093634933	109.285714285714	12	7.14285714285714
04/09/20 00:00	4.04255319148936	1880	604	94	698	2859	94	120	188	221	120	5.84188973838046	98.4285714285714	5	7.42857142857143
04/10/20 00:00	4.70927438731379	2081	600	90	690	2873	14	76	244	227	76	5.41255504457156	92	6	7.57142857142857
04/11/20 00:00	3.68369351669941	2036	582	85	667	2963	90	98	248	231	98	5.11638739813281	87.4285714285714	4	6.28571428571429
04/12/20 00:00	5.21895620875825	1667	526	82	608	3002	39	75	277	238	75	5.15847025770747	88.7142857142857	7	6.28571428571429
04/13/20 00:00	4.99243570347958	1322	606	80	686	3057	55	87	305	242	87	4.6804490409082	77	4	8.14285714285714
04/14/20 00:00	7.4773413897281	1324	618	82	700	3062	5	66	360	248	66	4.75155503057868	77.5714285714286	6	8.42857142857143
04/15/20 00:00	2.63888888888889	1440	607	86	693	3094	32	99	415	260	99	4.45959526358038	72.7142857142857	12	8.85714285714286
04/16/20 00:00	4.54029511918275	1762	618	76	694	3087	-7	38	442	278	38	4.13688488001317	67.2857142857143	18	8.85714285714286
04/17/20 00:00	2.6655560183257	2401	622	76	698	3118	31	80	483	286	80	3.70073031785338	60.7142857142857	8	8.85714285714286
04/18/20 00:00	1.42472083172892	2597	605	76	681	3027	-91	64	631	293	64	3.2089710123467	57.7142857142857	7	8.71428571428571
04/19/20 00:00	2.16587427363973	1893	590	61	651	3045	18	37	643	300	37	2.49530687565301	52.2857142857143	7	8.14285714285714
04/20/20 00:00	1.55012056493283	2903	586	61	647	3022	-23	41	703	304	41	2.45008573718988	54	4	7
04/21/20 00:00	2.48169243287225	2458	532	58	590	3019	-3	45	746	309	45	2.09012745073401	50.1428571428571	5	6.57142857142857
04/22/20 00:00	2.322340919647	2153	523	53	576	2946	-73	61	872	317	61	1.91836979255046	47.2857142857143	8	6.14285714285714
04/23/20 00:00	2.02058711399161	2623	539	47	586	2998	52	50	860	327	50	1.79096901094656	44.4285714285714	10	5.85714285714286
04/24/20 00:00	1.4632524110409	3007	524	44	568	2978	-20	53	928	332	53	1.65105890363121	43.1428571428572	5	5.85714285714286
04/25/20 00:00	0.532915360501567	3190	543	55	598	2943	-35	44	1003	336	44	1.60001924326166	39.2857142857143	4	6.14285714285714
04/26/20 00:00	1.18650352243233	2697	536	45	581	2935	-8	17	1023	341	17	1.48630585989709	35	5	5.85714285714286
04/27/20 00:00	1.19284294234592	1509	541	37	578	2924	-11	32	1062	345	32	1.32407270862745	32.1428571428571	4	4.57142857142857
04/28/20 00:00	1.68569874932028	1839	544	33	577	2877	-47	18	1120	352	18	1.09703462153053	26.4285714285714	7	3.85714285714286
04/29/20 00:00	1.18670886075949	2528	518	31	549	2802	-75	31	1220	358	31	0.966286663019169	23.1428571428571	6	3.28571428571429
04/30/20 00:00	0.431320504313205	3014	484	29	513	2782	-20	30	1269	359	30	0.948832160728771	22.8571428571429	1	3
05/01/20 00:00	0.548016701461378	3832	478	29	507	2773	-9	13	1291	359	13	0.902230094256037	21.8571428571429	0	2.71428571428571
05/02/20 00:00	0.410733844468784	3652	470	27	497	2753	-20	21	1332	359	21	0.781267717360778	21.2857142857143	0	2
05/03/20 00:00	0.860289057123193	2906	455	30	485	2721	-32	15	1376	362	15	0.653607782875137	19.7142857142857	3	1.57142857142857
05/04/20 00:00	0.34610630407911	4045	438	24	462	2726	5	25	1394	364	25	0.541549209991597	17.4285714285714	2	2.42857142857143
05/05/20 00:00	0.792079207920792	2525	408	25	433	2711	-15	14	1421	366	14	0.508650205626102	16.8571428571429	2	2.85714285714286
05/06/20 00:00	0.402298850574713	3480	433	25	458	2530	-181	20	1619	369	20	0.498949211041477	16.8571428571429	3	3.85714285714286
05/07/20 00:00	0.201027473754746	4477	415	27	442	2340	-190	14	1816	376	14	0.477227862549632	16.7142857142857	7	3.71428571428571
05/08/20 00:00	0.480109739368999	4374	418	28	446	2139	-201	9	2023	379	9	0.397101025475574	14.8571428571429	3	3.85714285714286
05/09/20 00:00	0.258684405025868	5412	415	26	441	2012	-127	21	2164	386	21	0.395016964647927	14.8571428571429	7	3.71428571428571
05/10/20 00:00	0.29940119760479	4008	435	20	455	1965	-47	14	2223	388	14	0.36585839847148	13.8571428571429	2	3.42857142857143
05/11/20 00:00	0.331517878285579	4223	436	23	459	1915	-50	12	2282	391	12	0.37713455607534	14	3	2.57142857142857
05/12/20 00:00	0.587969244685663	2211	414	20	434	1909	-6	14	2301	392	14	0.384450938748428	14	1	2.14285714285714
05/13/20 00:00	0.481231953801732	3117	402	19	421	1877	-32	13	2345	393	13	0.37528860136769	13.1428571428571	1	1.42857142857143
05/14/20 00:00	0.252242152466368	3568	387	19	406	1815	-62	15	2421	394	15	0.380733516764673	13.1428571428571	1	1.14285714285714
05/15/20 00:00	0.415973377703827	3606	341	17	358	1765	-50	9	2480	394	9	0.402786485618311	13.7142857142857	0	0.714285714285714
05/16/20 00:00	0.296798812804749	4717	351	16	367	1736	-29	15	2522	396	15	0.398001391034881	13.2857142857143	2	1
05/17/20 00:00	0.453771979580261	3526	342	17	359	1710	-26	14	2562	396	14	0.35975667107464	13.1428571428571	0	0.857142857142857
05/18/20 00:00	0.298022216201571	3691	342	17	359	1696	-14	16	2592	396	16	0.319265818755408	12	0	1
05/19/20 00:00	0.320256204963971	3747	330	17	347	1673	-23	11	2623	399	11	0.308550530109028	12	3	1.28571428571429
05/20/20 00:00	0.197795987567109	3539	318	12	330	1518	-155	12	2790	399	12	0.27300293767327	11.2857142857143	0	1.14285714285714
05/21/20 00:00	0.177235131941709	5078	312	9	321	1442	-76	7	2871	401	7	0.262890523985733	10.8571428571429	2	1.14285714285714
05/22/20 00:00	0.167140230653518	5983	312	9	321	1373	-69	9	2947	403	9	0.211259263828269	9.28571428571429	2	1.28571428571429
05/23/20 00:00	0.226011916991987	4867	295	10	305	1292	-81	10	3037	404	10	0.194194865595392	8.57142857142857	1	0.857142857142857
05/24/20 00:00	0.09235315847802	5414	311	8	319	1273	-19	11	3067	404	11	0.187591860292902	8.57142857142857	0	0.857142857142857
05/25/20 00:00	0.178571428571429	3360	287	7	294	1268	-5	5	3076	405	5	0.173915029663129	8.42857142857143	1	0.714285714285714
05/26/20 00:00	0.27403516784654	4379	286	5	291	1213	-55	6	3137	405	6	0.16568390008294	7.71428571428571	0	1
05/27/20 00:00	0.1020581731587	5879	275	6	281	1184	-29	12	3178	405	12	0.17285587508102	7.71428571428571	0	1
05/28/20 00:00	0.119617224880383	3344	260	6	266	1146	-38	6	3221	406	6	0.1733038256587	7.57142857142857	1	1
05/29/20 00:00	0.217344055640078	4601	236	7	243	1012	-134	4	3355	410	4	0.180460537654717	7.57142857142857	4	1
05/30/20 00:00	0.229147571035747	4364	236	7	243	986	-26	10	3390	411	10	0.179634073159632	7.28571428571429	1	1.14285714285714
05/31/20 00:00	0.142450142450142	3510	227	5	232	981	-5	10	3405	411	10	0.154887113697684	6	0	1.42857142857143
06/01/20 00:00	0.172786177105832	2315	224	6	230	980	-1	5	3410	412	5	0.225173004095097	6.85714285714286	1	1.28571428571429
06/02/20 00:00	0.100806451612903	2976	236	7	243	939	-41	4	3454	413	4	0.220539680276714	6.42857142857143	1	1.42857142857143
06/03/20 00:00	0.594059405940594	2020	206	4	210	890	-49	3	3504	415	3	0.189490529470988	5	2	2
06/04/20 00:00	0.0871839581517	1147	160	5	165	869	-21	12	3537	415	12	0.156755162180167	3.57142857142857	0	2.14285714285714
06/05/20 00:00	0	2485	133	7	140	830	-39	1	3572	420	1	0.159317273804027	3.42857142857143	5	2
06/06/20 00:00	0	2918	97	7	104	774	-56	0	3623	425	0	0.159806599038122	3.14285714285714	5	1.85714285714286
06/07/20 00:00	0.160384923817161	2494	86	6	92	738	-36	0	3658	426	0	0.189253787525588	3.42857142857143	1	1.57142857142857
06/08/20 00:00	0.176211453744493	1135	82	6	88	725	-13	4	3675	426	4	0.109799413516759	1.85714285714286	0	1.85714285714286
06/09/20 00:00	0.306936771025169	1629	73	3	76	717	-8	2	3685	426	2	0.109516429110862	2.14285714285714	0	1.42857142857143
06/10/20 00:00	0.037878787878788	2640	74	2	76	675	-42	5	3732	426	5	-0.768012694126416	-30.5714285714286	0	0.714285714285714
06/11/20 00:00	0.085203067310423	3521	74	2	76	642	-33	1	3764	428	1	-0.768012694126416	-30.5714285714286	2	0.571428571428571
06/12/20 00:00	-6.14270386266094	3728	61	2	63	610	-32	3	3797	430	3	-0.788384691981214	-31	2	0.571428571428571
06/13/20 00:00	0	4115	67	2	69	346	-264	-229	3832	430	-229	-0.761133117221253	-30.7142857142857	0	0.571428571428571
06/14/20 00:00	0.017780938833571	5624	53	2	55	337	-9	0	3841	430	0	-0.804981227367706	-31.4285714285714	0	0.571428571428571
06/15/20 00:00	0.36697247706422	1090	58	2	60	319	-18	1	3860	430	1	-0.809473491831022	-31.4285714285714	0	0.428571428571429
06/16/20 00:00	0	1282	57	2	59	289	-30	4	3894	430	4	-0.811779533806702	-31.7142857142857	0	0.142857142857143
06/17/20 00:00	0.006432936635574	15545	48	2	50	273	-16	0	3910	430	0	0.065749589430575	1	0	0.142857142857143
06/18/20 00:00	0.069060773480663	1448	52	6	58	258	-15	1	3925	431	1	0.065749589430575	1	1	0.142857142857143
06/19/20 00:00	0	1987	47	3	50	242	-16	1	3942	431	1	0.081501022898836	1.14285714285714	0	0.142857142857143
06/20/20 00:00	0	1918	48	1	49	125	-117	0	4059	431	0	0.103150457392307	1.57142857142857	0	0.142857142857143
06/21/20 00:00	0.128040973111396	1562	41	1	42	125	0	0	4059	431	0	0.27444199559032	3	0	0.142857142857143
06/22/20 00:00	0.518518518518518	1350	40	0	40	126	1	2	4060	431	2	0.345905711755627	4.42857142857143	0	0
06/23/20 00:00	1.19904076738609	834	47	0	47	133	7	7	4060	431	7	0.458509449684296	6.71428571428571	0	0
06/24/20 00:00	0.506678949792722	2171	35	0	35	141	8	10	4062	431	10	0.488818603048612	7.14285714285714	0	0
06/25/20 00:00	0.857286938981341	1983	47	0	47	148	7	11	4066	431	11	0.488818603048612	7.14285714285714	0	0
06/26/20 00:00	0.212164073550212	1414	41	1	42	164	16	17	4067	431	17	0.470527035461269	6.85714285714286	0	0
06/27/20 00:00	0	3151	45	0	45	164	0	3	4070	431	3	0.404926101532933	6	0	0
06/28/20 00:00	0	1535	39	0	39	163	-1	0	4071	431	0	0.338259873941311	8	0	0.142857142857143
06/29/20 00:00	0.059311981020166	1686	20	0	20	163	0	0	4071	431	0	0.310753756207272	7.71428571428571	0	0.142857142857143
06/30/20 00:00	0.732377174244736	3277	29	0	29	162	-1	1	4073	431	1	0.218380501681848	5.71428571428571	0	0.142857142857143
07/01/20 00:00	0.31413612565445	2865	16	0	16	181	19	24	4077	432	24	0.24659537242943	6.71428571428571	1	0.142857142857143
07/02/20 00:00	0.210674157303371	1424	15	0	15	189	8	9	4078	432	9	0.265745123482666	7	0	0.142857142857143
07/03/20 00:00	0.409668168783286	2441	35	0	35	190	1	3	4080	432	3	0.304396947848776	7.71428571428571	0	0.142857142857143
07/04/20 00:00	0.134048257372654	1492	37	0	37	197	7	10	4083	432	10	0.7936196602376	11.4285714285714	0	0.142857142857143
07/05/20 00:00	0.270562770562771	1848	36	0	36	198	1	2	4084	432	2	0.69962360133189	8.14285714285714	0	0
07/06/20 00:00	3.48387096774193	775	42	0	42	201	3	5	4086	432	5	0.677091716257762	7.28571428571429	0	0
07/07/20 00:00	0.074404761904762	1344	48	0	48	227	26	27	4087	432	27	0.692003959696375	7.57142857142857	0	0
07/08/20 00:00	0.156412930135558	1918	36	0	36	226	-1	1	4089	432	1	0.699792932931957	7.14285714285714	0	0
07/09/20 00:00	0.315059861373661	1587	45	0	45	228	2	3	4090	432	3	0.731872690075442	7.85714285714286	0	0
07/10/20 00:00	0.464190981432361	1508	44	0	44	232	4	5	4091	432	5	0.728581544634368	7.57142857142857	0	0
07/11/20 00:00	0.358606557377049	1952	47	0	47	237	5	7	4093	432	7	0.419564937382824	4.71428571428571	0	0
07/12/20 00:00	0.247524752475248	1212	13	0	13	242	5	7	4095	432	7	0.408935685682144	4.57142857142857	0	0
07/13/20 00:00	1.32075471698113	530	16	0	16	246	4	3	4094	432	3	0.448500902441915	5.28571428571429	0	0
07/14/20 00:00	0	1098	16	1	17	253	7	7	4094	432	7	0.450254099706515	5.14285714285714	0	0
07/15/20 00:00	0.433369447453954	1846	51	1	52	252	-1	0	4095	432	0	0.484485719032684	5.85714285714286	0	0.142857142857143
07/16/20 00:00	0.327332242225859	1222	23	1	24	259	7	8	4096	432	8	0.570530851633986	7	0	0.142857142857143
07/17/20 00:00	0.703812316715543	1705	49	1	50	262	3	4	4097	432	4	0.626420299445237	7.85714285714286	0	0.142857142857143
07/18/20 00:00	0.960922485586163	1561	44	1	45	272	10	12	4098	433	12	0.748300060373399	7.71428571428571	1	0.142857142857143
07/19/20 00:00	0.63875088715401	1409	34	0	34	287	15	15	4098	433	15	0.802208416168547	8.57142857142857	0	0.285714285714286
07/20/20 00:00	2.17391304347826	276	32	0	32	294	7	9	4100	433	9	0.871740902575159	10.1428571428571	0	0.285714285714286
07/21/20 00:00	0.377358490566038	1590	33	1	34	296	2	6	4104	433	6	0.933204261910859	11.8571428571429	0	0.285714285714286
07/22/20 00:00	0.920096852300242	2065	29	1	30	297	1	6	4108	434	6	0.887710567340155	11	1	0.142857142857143
07/23/20 00:00	0.757575757575758	2112	35	1	36	315	18	19	4109	434	19	0.873689829582395	11.8571428571429	0	0.142857142857143
07/24/20 00:00	0.385356454720617	1557	17	2	19	329	14	16	4111	434	16	1.00597150532528	12.1428571428571	0	0.142857142857143
07/25/20 00:00	0.86277732128184	2434	28	2	30	332	3	6	4114	434	6	0.82402986245815	13.2857142857143	0	0.142857142857143
07/26/20 00:00	1.5647226173542	703	28	4	32	341	9	21	4126	434	21	1.038094154972	16.5714285714286	0	0
07/27/20 00:00	0.90032154340836	1555	29	4	33	352	11	11	4126	434	11	1.06735546060212	16.5714285714286	0	0
07/28/20 00:00	1.875808538163	1546	27	4	31	365	13	14	4127	434	14	1.0692321965829	16.5714285714286	0	0
07/29/20 00:00	1.12492599171107	1689	26	1	27	393	28	29	4128	434	29	1.05742763457798	17	0	0.142857142857143
07/30/20 00:00	0.770712909441233	2076	49	6	55	408	15	19	4132	434	19	1.00025011583797	15.4285714285714	0	0.142857142857143
07/31/20 00:00	0.302724520686176	2973	48	6	54	399	-9	16	4157	434	16	0.822297164771744	14.8571428571429	0	0.142857142857143
08/01/20 00:00	0.462534690101758	2162	39	3	42	395	-4	9	4169	435	9	0.762860015886358	13.4285714285714	1	0.285714285714286
08/02/20 00:00	0.319051959890611	2194	35	3	38	397	2	10	4177	435	10	0.525675544917259	9.57142857142857	0	0.285714285714286
08/03/20 00:00	0.484261501210654	826	47	2	49	401	4	7	4180	435	7	0.419785124039041	8	0	0.571428571428571
08/04/20 00:00	0.21551724137931	928	44	2	46	397	-4	4	4187	436	4	0.334153499575724	6.42857142857143	1	0.571428571428571
08/05/20 00:00	0.383693045563549	2085	44	1	45	392	-5	2	4194	436	2	0.396727245297805	7.28571428571429	0	0.428571428571429
08/06/20 00:00	0.171291538198013	2919	20	1	21	394	2	8	4198	438	8	0.36687224610332	6.57142857142857	2	0.428571428571429
08/07/20 00:00	0.740740740740741	2025	32	2	34	385	-9	5	4212	438	5	0.508926656950504	8.71428571428571	0	0.428571428571429
08/08/20 00:00	0.253549695740365	1972	32	2	34	372	-13	15	4240	438	15	0.709651975555267	10.1428571428571	0	0.428571428571429
08/09/20 00:00	1.3134328358209	1675	29	2	31	372	0	5	4245	438	5	0.966579585055496	13.1428571428571	0	0.571428571428571
08/10/20 00:00	1.88933873144399	741	34	1	35	388	16	22	4251	438	22	1.22255827654234	16.1428571428571	0	0.285714285714286
08/11/20 00:00	2.01401050788091	1142	44	2	46	398	10	14	4254	439	14	1.42391609293226	19.2857142857143	1	0.285714285714286
08/12/20 00:00	2.17554388597149	1333	43	2	45	402	4	23	4272	440	23	1.59933599989579	23.4285714285714	1	0.285714285714286
08/13/20 00:00	1.5807962529274	1708	38	2	40	424	22	29	4279	440	29	1.71235597122813	25.2857142857143	0	1
08/14/20 00:00	1.96868008948546	2235	47	1	48	447	23	27	4283	440	27	1.71862735846427	28.7142857142857	0	1
08/15/20 00:00	1.04468949506674	1723	34	1	35	487	40	44	4287	440	44	1.79467217135119	31.5714285714286	0	0.857142857142857
08/16/20 00:00	1.35733254647389	3389	43	1	44	489	2	18	4303	440	18	1.66538477487861	33.2857142857143	5	0.714285714285714
08/17/20 00:00	2.42165242165242	1404	47	1	48	533	44	46	4305	440	46	1.64298500457864	37.1428571428571	0	0.714285714285714
08/18/20 00:00	1.10899873257288	3156	49	2	51	567	34	34	4305	440	34	1.73515060857335	40.8571428571429	0	0.714285714285714
08/19/20 00:00	2.01874549387167	2774	51	2	53	596	29	35	4311	440	35	1.72934738921212	44.1428571428571	0	0.714285714285714
08/20/20 00:00	2.22595548089038	2381	56	2	58	618	22	56	4345	440	56	1.7842354709161	50.2857142857143	0	0
08/21/20 00:00	1.92805755395683	3475	66	2	68	671	53	53	4345	440	53	2.06709710229735	63.4285714285714	0	0.142857142857143
08/22/20 00:00	1.42890606699461	4269	55	1	56	735	64	67	4348	440	67	2.25024728544754	75.1428571428571	0	0.142857142857143
08/23/20 00:00	3.33736396614268	4135	61	2	63	792	57	61	4352	440	61	2.63641242309893	89.8571428571429	0	0.285714285714286
08/24/20 00:00	3.7037037037037	3132	72	2	74	925	133	138	4356	441	138	2.98535379480813	101.142857142857	1	0.428571428571429
08/25/20 00:00	3.8121546961326	3620	76	3	79	1041	116	116	4356	441	116	3.17882885673074	112.142857142857	0	0.714285714285714
08/26/20 00:00	4.46133509583609	3026	75	3	78	1164	123	138	4370	442	138	3.37923584093588	128.714285714286	1	0.714285714285714
08/27/20 00:00	3.58028091434866	3631	108	4	112	1295	131	135	4373	443	135	3.79123723227631	146.857142857143	1	0.714285714285714
08/28/20 00:00	3.33090644339279	5494	121	5	126	1423	128	130	4373	445	130	3.88768284873016	165.714285714286	2	0.571428571428571
08/29/20 00:00	4.31291580637761	4359	72	2	74	1596	173	183	4383	445	183	3.81311654556278	175.428571428571	0	0.571428571428571
08/30/20 00:00	4.01248328131966	6729	110	4	114	1771	175	188	4396	445	188	3.51816201996681	170.285714285714	0	0.571428571428571
08/31/20 00:00	3.18173958153208	5783	95	1	96	2025	254	270	4412	445	270	3.20638912269867	167.714285714286	0	0.428571428571429
09/01/20 00:00	1.74747301696077	5837	143	6	149	2210	185	184	4411	445	184	3.14200050126226	176.714285714286	0	0.142857142857143
09/02/20 00:00	2.2789248149591	5134	163	4	167	2292	82	102	4430	446	102	3.05946812966549	175	1	0.285714285714286
09/03/20 00:00	3.12956056429382	6167	185	4	189	2402	110	117	4437	446	117	2.69183898122376	165.142857142857	0	0.428571428571429
09/04/20 00:00	2.75317984221542	6211	196	5	201	2580	178	193	4452	446	193	2.38186117797225	140.857142857143	0	0.428571428571429
09/05/20 00:00	1.73951176728548	6841	207	6	213	2731	151	171	4471	447	171	2.79881585731495	145.714285714286	1	0.428571428571429
09/06/20 00:00	1.84263865855906	5427	221	7	228	2844	113	119	4476	448	119	2.99432049863405	166.714285714286	1	0.285714285714286
09/07/20 00:00	6.10042233693102	4262	223	7	230	2942	98	100	4478	448	100	3.07412743728541	179	0	0.428571428571429
09/08/20 00:00	3.11600550619447	7991	220	9	229	3190	248	218	4490	448	260	2.97072933628021	177.142857142857	0	0.571428571428571
09/09/20 00:00	2.83757338551859	7154	226	10	236	3415	225	249	4514	448	249	2.85165349860265	172.714285714286	0	0.571428571428571
09/10/20 00:00	2.40577385725742	7482	232	10	242	3594	179	203	4537	449	203	2.87428293446413	170.428571428571	1	0.428571428571429
09/11/20 00:00	1.91964897847251	7293	239	13	252	3742	148	180	4568	450	180	3.02248820366498	173.571428571429	1	0.428571428571429
09/12/20 00:00	1.89791781831583	5427	254	17	271	3865	123	140	4584	451	140	2.6029199612061	155.285714285714	1	0.571428571428571
09/13/20 00:00	2.88007554296506	4236	271	19	290	3898	33	103	4654	451	103	2.65658431306278	139.142857142857	0	0.571428571428571
09/14/20 00:00	3.16344463971881	2845	286	19	305	3941	43	122	4733	451	122	2.68882255894861	136.714285714286	0	0.428571428571429
09/15/20 00:00	3.49165596919127	3895	295	18	313	4004	63	90	4759	452	90	2.67391601728615	138.857142857143	1	0.714285714285714
09/16/20 00:00	3.06324110671937	6072	301	19	320	4080	76	136	4819	452	136	2.79799527084025	148.571428571429	0	0.571428571428571
09/17/20 00:00	2.30142806562021	8473	302	21	323	4197	117	186	4888	452	186	2.91282452176599	155.142857142857	0	0.714285714285714
09/18/20 00:00	2.78820375335121	7460	318	20	338	4307	110	195	4970	455	195	2.82146602101896	162.142857142857	3	0.714285714285714
09/19/20 00:00	2.70172257479601	5515	327	19	346	4465	158	208	5020	455	208	3.38905448343798	184	0	0.714285714285714
09/20/20 00:00	2.24056603773585	7632	344	22	366	4573	108	149	5060	456	149	3.40731642486276	186.857142857143	1	0.714285714285714
09/21/20 00:00	7.13656387665198	3405	345	21	366	4675	102	171	5129	456	171	3.87790259114569	195.714285714286	0	0.714285714285714
09/22/20 00:00	3.61948955916473	4310	360	23	383	4897	222	243	5149	457	243	3.94555724935965	195.714285714286	1	0.285714285714286
09/23/20 00:00	6.35734427069982	3901	356	22	378	4955	58	156	5247	457	156	4.02412403640942	202.142857142857	0	0.571428571428571
09/24/20 00:00	2.77501067311797	7027	371	25	396	5067	112	248	5383	457	248	4.27942934916558	220	0	0.571428571428571
09/25/20 00:00	3.33817126269956	7579	382	27	409	5157	90	195	5488	457	195	4.59123149800578	230.571428571429	0	0.571428571428571
09/26/20 00:00	4.48885976408912	6104	325	29	354	5258	101	253	5638	459	253	4.32535000407982	238	2	0.571428571428571
09/27/20 00:00	4.42318107961726	5539	400	30	430	5481	223	274	5688	460	274	4.45322312715325	256.571428571429	1	0.857142857142857
09/28/20 00:00	5.27539341917024	5592	412	30	442	5590	109	245	5824	460	245	4.27927177616093	262.142857142857	0	0.857142857142857
09/29/20 00:00	4.51460142067877	6335	417	35	452	5740	150	295	5968	461	295	4.55320969485245	290	1	0.857142857142857
09/30/20 00:00	5.13968481375358	5584	414	39	453	5965	225	286	6027	463	286	4.73654973173362	309.857142857143	2	0.714285714285714
10/01/20 00:00	4.69257610395861	8311	421	38	459	6113	148	287	6166	463	287	4.85929731182849	328	0	0.714285714285714
10/02/20 00:00	4.62155152086772	8482	439	39	478	6396	283	390	6273	463	390	5.03923696055312	351.857142857143	0	0.714285714285714
10/03/20 00:00	5.34809282475327	7498	434	40	474	6745	349	392	6315	464	392	5.55068902045797	361.333333333333	1	0.666666666666667
10/04/20 00:00	5.68275862068966	7250	450	41	491	7042	297	401	6418	465	401	5.72337028708784	376.4	1	0.4
10/05/20 00:00	8.85555783850421	4867	463	43	506	7400	358	412	6472	465	412	5.84010738175469	398.75	0	0.5

