01/08/20 00:00	228.928814267643	207.581211162888	153.968555656504	134.438655462185	206.373286237572	249.872377372001	205.249496336996
02/08/20 00:00	212.395813833426	204.970376585155	136.666278223792	156.802100840336	194.240633176347	274.405272108844	226.271945316588
03/08/20 00:00	191.338654806828	212.326991644972	129.343556454036	166.714799253035	168.031542267257	339.269557823129	226.052165096808
04/08/20 00:00	172.928601896775	208.039255701498	130.683773173135	163.404481792717	161.128802793089	311.364795918367	191.579942874586
05/08/20 00:00	172.821227128686	192.70099286013	120.812481307106	163.348132586368	148.677765926729	336.82193877551	212.017442874586
06/08/20 00:00	161.697909323303	182.887528163906	104.886398494441	149.697093223254	138.297565425476	302.923051948052	222.044653758939
07/08/20 00:00	154.412949185401	174.465450241828	123.895983747897	135.392080691926	131.416796194707	280.984276437848	189.158939473225
08/08/20 00:00	173.658205182537	138.53358210996	114.933989859433	128.660257527878	90.0747632276737	221.791729853997	176.262835577121
09/08/20 00:00	174.721071221532	129.048158184292	116.496527918134	104.815662933283	81.7176203705309	191.126089459908	152.893133850277
10/08/20 00:00	177.048375969889	123.007869655088	119.475488719129	84.7958216634418	76.346491499402	116.763126496945	139.449387120816
11/08/20 00:00	167.8669501832	119.855276024373	113.639967598982	75.852170869791	77.8914078443184	104.733905717725	129.143037914466
12/08/20 00:00	153.667160536227	101.735774890587	112.324578061308	65.2538950077221	73.3580222182766	62.0656517494706	101.601912373341
13/08/20 00:00	153.151997949454	106.925430063	110.691434940287	61.7704805893231	72.5608417671488	61.7138730933441	72.634225298511
14/08/20 00:00	148.775244621481	122.02791453505	81.5032450356681	59.3987424203713	77.5411989100059	60.0518082674137	69.4485110127967
15/08/20 00:00	163.223866175365	127.678830285966	87.8231610020547	56.8374250724008	79.8865387553458	65.8402732186116	60.752022316308
16/08/20 00:00	153.710112278428	138.715190253682	90.8034300327439	55.6720196669954	81.7913006601076	66.3503013678023	60.2278464921322
17/08/20 00:00	156.759711328027	133.542138013918	89.7156047306329	53.8286449257946	79.6814105502175	63.7310540881776	67.2440852456981
18/08/20 00:00	158.309378178079	139.240035690501	87.5103248227223	52.9163520281002	81.6535717223787	63.8839422447971	68.6910240212084
19/08/20 00:00	162.884654838039	137.62396426193	86.8348791642979	51.6848936709001	86.2682206956162	60.2069971498193	68.139712587544
20/08/20 00:00	159.425623981602	132.130860813654	83.5683901830823	51.8503120121496	90.7170302194257	53.9626907315998	63.6839302746188
21/08/20 00:00	154.75996856889	117.188474863772	79.7298519771022	51.3598089616143	85.1866730765686	51.9206739248771	62.0355786262672
22/08/20 00:00	121.011669249162	112.12008750883	75.7379672232006	49.9123959095501	76.6216494062817	42.7864532800975	72.2234093140978
23/08/20 00:00	116.362734412069	93.3009772981597	70.4042467747697	48.6159585197794	75.9624657328123	38.912039069969	71.1586009517285
24/08/20 00:00	94.2606844152824	98.2149077073732	66.6156782004868	51.6385312559677	70.6675106878573	36.4843592026665	68.8228181643328
25/08/20 00:00	85.6199565794326	98.5767942244321	66.743782999805	56.8324267545417	63.4995358055967	33.3638143857673	62.9479290782636
26/08/20 00:00	78.4643118047442	102.688513713552	65.9825693887644	62.5238568802436	58.0927220231732	26.6784663365372	61.0677216761538
27/08/20 00:00	83.2917542459987	101.669821617922	65.6352559881972	67.7292637921723	54.0331982136493	25.9582454945772	57.959038580274
28/08/20 00:00	84.5978992504196	104.640492326524	66.0468961998374	74.4964531929233	55.2525032329544	26.5910094697325	56.6658317870672
29/08/20 00:00	75.0691422930912	98.5642061419473	63.7505164909291	76.6783512948214	59.9630295487438	31.0186674894621	51.0104433158892
30/08/20 00:00	77.8773421150761	98.5242423913287	65.2520727202158	80.3216018714053	60.792899678614	34.085171355966	50.9864978788665
31/08/20 00:00	81.65484377884	98.3579427489421	65.0992211857853	80.8778707904562	60.8351074708218	34.6598283052343	59.4161223084909
01/09/20 00:00	84.2059548899511	92.7862816058524	67.7666341638225	78.6296850650986	61.9522916803405	35.5597968057205	59.6796349290803
02/09/20 00:00	85.2661572339359	88.388809837097	67.1413672590012	78.3756745112879	65.2692228972717	40.459971769323	57.8507755465815
03/09/20 00:00	85.0897248798351	86.5259046627265	68.0643386138874	79.2986913851245	65.4069779993125	44.6525114518627	55.1588059489515
04/09/20 00:00	83.4499479900583	82.4313673160152	69.5350050863888	74.9553595087737	67.2332328255673	42.5043628613228	52.5446743178707
05/09/20 00:00	86.8931643481682	85.6447483385273	70.9265062387084	73.8155588443219	67.0665661589007	38.9139170444418	45.3682175509534
06/09/20 00:00	84.4913319355324	86.9909840484791	74.6325632753891	69.7152762697536	61.5102504507992	37.6797795344422	43.8138340954436
07/09/20 00:00	83.9880081406832	81.3962403124754	75.9529126181337	68.3488569747629	62.259285199834	39.0531079331592	30.5566001013675
08/09/20 00:00	81.9775194188787	83.7843372141974	74.3678150614628	69.7548437886444	62.7093432718433	41.306139321153	28.6886336101524
09/09/20 00:00	81.5060105038266	86.5683555393813	74.5077855516325	68.669047836944	58.4107428280815	40.6207000969196	27.8613108389387
10/09/20 00:00	75.8166833977896	87.1533178270739	72.6893505275371	65.6095008265773	57.5177612452045	37.8280303076925	28.9007128783407
11/09/20 00:00	75.4237239949877	87.6846184105484	69.8424724148241	64.2745492497827	54.309203741565	40.0021450818073	29.2860732806503
12/09/20 00:00	67.745182961553	84.8434471594393	74.6337487123274	61.8471967795994	54.5766030089643	39.5089074252989	25.9998840709238
13/09/20 00:00	68.0422971335157	82.6356037898708	76.6517923500698	61.2100168167052	54.7985308826779	39.1380191367242	25.9408686839471
14/09/20 00:00	67.0721672633859	86.7140446026311	77.5468547573408	59.4712638569577	55.9923532765003	39.407249905955	30.4205052754258
15/09/20 00:00	69.0641435884962	83.8426244765144	78.2812210719601	56.069034277267	53.1854541388925	37.0890395448875	29.2717159665562
16/09/20 00:00	68.5424044580614	81.7602762497062	82.2918730173497	53.8619744630024	55.6401392387389	34.8496256063793	30.9261835228095
17/09/20 00:00	71.8323476323709	82.6652087347901	85.4735032980053	52.4854842865122	56.7561528915868	36.2653781023734	31.289294921215
18/09/20 00:00	72.5650965559968	80.7446942977708	92.223789012291	51.5040918299816	56.1016066900173	33.7512687549307	32.1225710201161
19/09/20 00:00	86.6991225300228	82.7020720314729	88.1010813627977	48.9780396825039	52.5467924566316	33.6067686471953	33.239925195829
20/09/20 00:00	87.4202401943498	79.352584160853	88.7021366096942	48.8041469086111	54.9405332187934	31.1902939928174	31.6949878906177
21/09/20 00:00	92.5045114786211	73.0819155353087	90.9971794897035	47.5807880671163	53.7421815704418	30.1309533334768	27.6876349494412
22/09/20 00:00	92.8394641563458	73.6949389914444	90.8019113102295	46.6142833845945	55.8395568985257	29.2868300654404	29.4991611205131
23/09/20 00:00	97.6857845026662	71.7372883684712	88.7114934494124	45.6791341632343	55.6432952162828	27.1816799860093	29.0582034527513
24/09/20 00:00	102.033157691072	71.3934330381397	89.5628845324385	44.4709879816075	52.6580491698122	24.0354777457147	31.6716488309025
25/09/20 00:00	104.408990782929	66.042667935027	83.2720081818983	43.8453750479377	51.3655626343246	24.7417043920543	31.2400261244805
26/09/20 00:00	94.5595598015396	65.395849207536	81.3539115002548	44.5422072054582	50.7386918860253	23.9591536095035	31.7931408535182
27/09/20 00:00	94.3855852612285	65.4687524333424	78.0967969273468	44.9028037517691	47.8371438984092	24.4915260785541	35.7864492880031
28/09/20 00:00	90.0494920125139	62.4302511647668	75.6528511620764	44.8530557147364	45.6809500922154	22.3878630748911	36.2267172870946
29/09/20 00:00	89.7338930987052	66.0285598973848	74.3491081735652	44.4721409772999	42.4720133668403	21.1994678410211	34.5320988917913
30/09/20 00:00	83.6408716623102	65.4676270701476	70.5256675497012	45.3918311648219	38.59863859235	20.6881652840663	33.7957400489033
01/10/20 00:00	75.44190750961	63.7830425879054	66.2997761669627	45.2778178119942	38.105219679856	19.9722973002569	30.5544177348537
02/10/20 00:00	71.162885721254	64.3259200952875	61.3722689090795	46.4930481175394	37.7364017914933	18.8774988979828	30.0941220500874
03/10/20 00:00	65.0379585027041	60.5547938670184	58.2059071919788	46.0198108525213	32.6920554042898	17.544627971441	28.7405671449793
04/10/20 00:00	61.9961852654248	54.861509688831	50.7668510988182	43.7488624731696	30.8871246515008	16.7357239220164	22.7901278783636
05/10/20 00:00	59.4007034466948	53.9290110700329	44.496146715986	42.923475992304	27.4739830312164	15.564396482393	21.78578424902
06/10/20 00:00	53.522491479059	43.428970215995	38.9867470425236	41.7859545989687	25.628401290851	14.2472065003255	20.6126064064544
07/10/20 00:00	50.1705975175359	36.9521126745594	35.0019855203977	39.8209590461498	24.7280978678247	13.5190135360924	19.6120350772445
08/10/20 00:00	47.759442622617	33.5701855689668	30.4289504850238	37.8521441462338	22.8593357665486	13.0886465059232	18.030115348363
09/10/20 00:00	46.2986693831697	31.9958634965535	28.6930647995227	36.2859801142674	20.5476239493557	13.0734261083173	17.107781627416
10/10/20 00:00	42.4817573149159	25.5605096070023	24.4275697125991	34.4486474986965	18.3199312645202	12.9787442726607	15.8368343223195
11/10/20 00:00	38.0438603348574	24.3706144123947	20.7524076187277	33.7572062813255	16.283555875614	12.9983760862663	14.3835176114061
12/10/20 00:00	32.9471774204017	23.9661841922415	18.3830929826101	32.2827642887777	15.0641319007965	12.8721171430326	12.4612292516177
13/10/20 00:00	30.9462602056897	22.0219383120712	16.4657154227111	30.4456552810675	14.3267531447981	12.7093921841606	11.1576671674434
14/10/20 00:00	28.7737758426822	20.8160194399417	15.152756787384	29.092064989317	13.4945178334935	12.2561729241418	10.0454435383123
15/10/20 00:00	28.0477041877845	19.0192280178934	14.4823556967152	26.9329588420545	12.467768839901	11.6527367739736	10.0964848090427
16/10/20 00:00	27.3053658903885	17.513952950914	12.8567367697911	24.604663379412	11.9227294918105	11.1932281772076	9.71815758681255
17/10/20 00:00	26.3284709904167	18.6895292786468	12.1176700319849	23.2676708103636	11.0126564066658	10.5676168778578	9.14978327572126
18/10/20 00:00	23.406024415279	16.0744327111487	11.1284428484671	21.5970295409252	10.3852212775336	9.70385786791908	8.87388277527459
19/10/20 00:00	22.0226098302762	13.1017822169887	10.118660680949	20.2296040008378	9.49537380183529	9.06966478213744	8.21444235659504
20/10/20 00:00	21.0313609658656	13.1068366786561	9.38643734220485	19.0463800172471	8.69671515555767	8.44850944534185	7.93405778829273
21/10/20 00:00	20.2019832052472	11.9367645949628	8.77246151061401	16.9874049457153	8.1636190287923	8.00065167146421	7.18527771404414
22/10/20 00:00	18.8621292449324	11.2738631741765	8.15959868828966	16.2674638120964	7.7176256881141	7.45307281591193	6.81249044536647
23/10/20 00:00	18.2914235867694	10.9943374708402	7.77850251538067	15.191713029502	7.25252184019354	7.14889272752766	6.84382809033527
24/10/20 00:00	15.7997876185709	9.90664923696215	7.09433848233944	14.5349762504954	6.64957064738314	6.80250614052124	6.69483761149874
25/10/20 00:00	14.6711455925201	9.00700761907095	6.61305204750763	13.8019184906814	6.41127087045079	6.56073519515017	6.3777973546251
26/10/20 00:00	14.0938500176054	8.31235742908809	6.20703339250137	13.1401086045409	6.05203155108792	6.26468327292166	6.18591541179074
27/10/20 00:00	12.950902331025	7.84608506845382	5.88054258157163	12.4462554803013	6.00107180587127	6.11116258325021	6.14164565543872
28/10/20 00:00	12.137208914505	7.36302260414235	5.6858489789885	12.1254288055757	5.67846791958375	5.8814637980661	6.15235470701245
29/10/20 00:00	11.9608258465632	7.06956532927647	5.4692637195357	11.4955683669686	5.61124088177868	5.75523083463846	6.0251377789468
30/10/20 00:00	11.3412484057287	6.8141136217528	5.26791389578657	11.4019944135142	5.4045409975391	5.70149426744436	5.84504048074495
31/10/20 00:00	10.9434345536235	6.2489806674764	5.09681360087438	11.2419644450795	5.24755863685394	5.60031457935482	5.93806708514719
01/11/20 00:00	9.91460619800775	6.2987733249774	5.12193378586942	11.1352035365039	5.04490163709723	5.45652720896846	5.74186848004247
02/11/20 00:00	9.22623860966491	6.15805755253755	4.96380307403304	10.915040828873	5.09757918627028	5.35902508561322	5.66945271127852
03/11/20 00:00	9.32597572303477	5.99095090222904	4.88343821442904	10.8206259162651	4.88158293867054	5.27979681103731	5.50964148669356

