1	41.7142857142857	769	41.8571428571429	773.285714285714	41.8380952380952	777.808503401361	41.9340508584386	781.45919420149	42.1001768437534	784.48882608134	42.3114336059178	787.043993500343	42.5485778613286	789.267588937827	42.8007416103937	791.262742834217	43.0611112722543	793.105936900517	43.3253667133196	794.852216228376
2	41.8571428571429	770.857142857143	41.8285714285714	775.914285714286	41.8745578231293	780.014149659864	42.0138684807256	783.277248461289	42.211002320021	786.009622390362	42.4398837346799	788.352190131144	42.6874099848065	790.428082079412	42.9453801156866	792.323674739612	43.2087139947569	794.102212124968	43.4740650667282	795.808903609117
3	42.2857142857143	776	41.8095238095238	779.238095238095	41.9498866213152	782.610430839002	42.1377313465069	785.426213691826	42.3655486577095	787.821983518956	42.6120323800942	789.933737861322	42.8697324540423	791.850843973861	43.1332250111334	793.641332685354	43.399111159534	795.353181225943	43.6650373355317	797.020739430083
4	41.5714285714286	777.285714285714	41.8571428571429	782.795918367347	42.0736637512148	785.403692905734	42.3150566893424	787.792647970753	42.5690066021874	789.855542010714	42.8309617246226	791.740434258499	43.0972461413974	793.504456345767	43.3650983518036	795.195997342886	43.6325304267333	796.847534662075	43.8981113837861	798.482403763517
5	41.7142857142857	786.428571428572	42.0204081632653	788.836734693878	42.3331389698737	790.549465500486	42.6543042250914	792.092807626452	42.9536842497284	793.584976654348	43.2427384787182	795.07005464575	43.5239341368579	796.567402361193	43.799124884767	798.087313022773	44.0688584803628	799.63565313208	44.3333885288087	801.216196887508
6	41.7142857142857	795.857142857143	42.3265306122449	795.591836734694	42.757045675413	796.171039844509	43.1382803461521	796.883789161923	43.4727756071654	797.841476512212	43.7813448002213	798.964653446105	44.0724494883675	800.229622414064	44.3510969834195	801.608026730819	44.6198986795489	803.079918534913	44.8805468003621	804.630301568433
7	42.1428571428571	804.142857142857	42.8163265306123	802.163265306123	43.3790087463557	801.991253644315	43.7897542690546	802.056892961266	44.1445377917931	802.580612641558	44.4623282655281	803.426130577207	44.7563383958251	804.523985288077	45.033046029929	805.813655278864	45.2965556733129	807.252389764124	45.5496814779835	808.809129997011
8	42.8571428571429	811.285714285714	43.6734693877551	809.30612244898	44.2128279883382	807.909620991254	44.6267943912259	807.565236706928	44.9826141224225	807.796168792104	45.2982495741413	808.484615608324	45.5867635920725	809.506798697037	45.8550379858001	810.77957212425	46.1080512874121	812.24248876845	46.34943948477	813.852683173347
9	44	818.142857142857	44.7959183673469	815.265306122449	45.2623906705539	813.551020408164	45.6475079827849	813.072747466334	45.9812465705427	813.271813992847	46.2794911952471	813.987730501243	46.5512146753736	815.073078035732	46.8026615099894	816.433532559445	47.0388218956306	818.000944891444	47.2636910243896	819.72764034676
10	45.7142857142857	822	46.1632653061225	819.979591836735	46.5102040816327	818.822157434402	46.8400666389005	818.600166597251	47.1324329148569	819.052323436663	47.3992547322969	819.994277979413	47.6433757796092	821.290243810179	47.8698239674815	822.848631289832	48.0830539028838	824.60498022599	48.2870190480356	826.514278712632
11	47.5714285714286	827.285714285714	47.6938775510204	824.224489795918	47.932944606414	823.962099125364	48.1815910037484	824.301541024573	48.4204557624799	825.264937228536	48.6439380983547	826.62012812122	48.8511898324948	828.265874263464	49.0455676504981	830.126690373169	49.230836474239	832.152406896427	49.4105485960679	834.30761976144
12	49.5714285714286	828.142857142857	49.3673469387755	828.326530612245	49.4781341107872	829.102040816327	49.6447313619325	830.422324031654	49.8223755974693	832.106780904782	49.9938960618261	834.034010016612	50.1572988061835	836.145125407561	50.3145191422967	838.396505883728	50.4686192577002	840.760353345975	50.6224190484284	843.2164449819
13	51.2857142857143	828.857142857143	51.0612244897959	832.489795918368	51.1049562682216	834.862973760933	51.1965847563515	837.347355268638	51.311120366514	839.887308859404	51.4264725298699	842.484813867238	51.5425866908117	845.135313526771	51.6607210341917	847.836274072642	51.7831948450709	850.586387096013	51.9118227858478	853.383515465367
14	52.8571428571429	833.857142857143	52.7755102040816	838.142857142857	52.7696793002915	841.900874635568	52.8059142024157	845.545189504373	52.8573213541977	848.9615636342	52.9170266357272	852.255543750195	52.9865441769417	855.470398871435	53.0675240294151	858.645641971927	53.1612625095384	861.805777105783	53.2683155208021	864.966337463705
15	54.5714285714286	840	54.4897959183673	845.285714285714	54.4548104956268	850.755102040816	54.4402332361516	855.45814244065	54.4323198667222	859.693342059856	54.4410123899622	863.639373617002	54.4694240346622	867.395507270955	54.519517470029	871.03519727108	54.591144453936	874.60426531167	54.6833137542982	878.132106407108
16	55.8571428571429	847.285714285714	56.1836734693878	855.591836734694	56.1253644314869	862.026239067055	56.0687213660975	867.536443148688	56.0092818468495	872.427440947224	55.9765063876446	876.919047335719	55.9746279186393	881.151455358129	56.0046906215843	885.215768809713	56.064648057566	889.170438275712	56.151678635766	893.052175610052
17	57.7142857142857	861.571428571429	57.8163265306123	869.244897959184	57.7755102040816	876.206997084548	57.6634735526864	882.119950020825	57.5663116558577	887.447432617362	57.5069571352073	892.339875392056	57.4909967461727	896.955819105175	57.5162976187537	901.384361358219	57.5785030475641	905.684734214356	57.6728007974847	909.893138658928
18	59.5714285714286	877.285714285714	59.4897959183673	886.204081632653	59.3731778425656	893.3527696793	59.2065805914202	899.423990004165	59.0883560421253	904.951746296186	59.0240971023978	910.095886917866	59.015143916792	914.992761357533	59.0547412612817	919.71610781438	59.1358241087116	924.312789500251	59.2517232729569	928.811113478218
19	61.4285714285714	900.285714285714	61.0612244897959	907.224489795918	60.8775510204082	913.650145772595	60.6834652228238	919.561016243232	60.5708335812459	925.064496935801	60.5303232496664	930.325646626831	60.5535108670707	935.40912617799	60.6290443677067	940.359716632023	60.7471734279747	945.20083776658	60.8998875689101	949.947152980765
20	62.7142857142857	924.428571428571	62.6122448979592	931.755102040816	62.268221574344	936.947521865889	62.0957934194086	942.4872969596	62.0242755994526	947.833105253763	62.0410543226037	953.115360096558	62.1238356709971	958.315461366316	62.2577059641781	963.436345643154	62.431049977102	968.473128438143	62.6353777532495	973.42384601404
21	64.5714285714286	952.571428571429	63.9591836734694	958.163265306123	63.5714285714286	963.02915451895	63.4602249062891	968.075385256143	63.4773011245314	973.253644314869	63.5860568300623	978.514139516698	63.7556496746375	983.79262406456	63.9687714574478	989.042028973189	64.2137198378436	994.231600840815	64.4826340204242	999.343478311739
22	65.5714285714286	987.142857142857	65.0204081632653	987.367346938776	64.7930029154519	991.714285714286	64.8175760099958	996.247396917951	64.9759028976022	1001.30166002261	65.2095810419128	1006.5539273602	65.4895457796375	1011.90076899445	65.7989627048705	1017.25153513538	66.1282945256087	1022.5565418295	66.4715701140637	1027.78693035533
23	66.7142857142857	1019	65.9183673469388	1018.67346938776	66.0116618075802	1022.51020408163	66.2428154935443	1026.91670137443	66.5843993574106	1031.95543523532	66.9687800151297	1037.263393654	67.3752590939392	1042.68785843605	67.7918264654756	1048.12180351065	68.213079347942	1053.50728950863	68.6361278064323	1058.81281494424
24	67.1428571428571	1046.42857142857	66.9387755102041	1051.81632653061	67.3265306122449	1055.32361516035	67.8346522282382	1060.06372344856	68.3813292080681	1065.23888855834	68.9296551606899	1070.68001427976	69.4684551990606	1076.19560241542	69.9949866439449	1081.69366817692	70.5092969177865	1087.12216029825	71.0123696789606	1092.45644666981
25	67	1081.71428571429	68.0408163265306	1087	68.8746355685131	1090.55685131195	69.6967930029155	1095.76009995835	70.4530255250788	1101.23026120069	71.1613698373977	1106.85290142713	71.8264826487506	1112.4593044929	72.4567640756377	1117.99069473517	73.0583767641886	1123.41695380539	73.6362661735365	1128.72834088696
26	67.7142857142857	1119.42857142857	69.5918367346939	1122.79591836735	70.8542274052478	1128.33527696793	71.9429404414827	1134.13744273219	72.8852263937645	1140.03076099244	73.7303164497786	1145.835272718	74.5035571913063	1151.50100480485	75.2225381240393	1157.01495038597	75.8990772745544	1162.38202988893	76.5413790853348	1167.61229861287
27	69.8571428571429	1156.42857142857	71.8163265306123	1161.44897959184	73.4110787172012	1168.97667638484	74.6743023740108	1175.47147022074	75.7504016183733	1181.74944963408	76.6934270584535	1187.66956795213	77.5459569202823	1193.31851403023	78.3312289530896	1198.74044117048	79.0647430848003	1203.97855051718	79.7566590964105	1209.06343340073
28	72.2857142857143	1198.85714285714	74.7959183673469	1204.79591836735	76.6064139941691	1212.90379008746	77.9620991253645	1220.0149937526	79.0993038614863	1226.4638543464	80.0922489778919	1232.36005405911	80.988091696487	1237.87180997228	81.812330382263	1243.10558352318	82.5809952998749	1248.13486036081	83.3045641956404	1253.00672672387
29	76.4285714285714	1237.71428571429	78.8775510204082	1251.81632653061	80.5160349854227	1260.3556851312	81.8429820907955	1267.85089546022	82.9585291842685	1274.17825905873	83.9491028398031	1279.84582954381	84.8499641184492	1285.07055855007	85.6838662774309	1290.00706772012	86.4640849081967	1294.7442459109	87.1996663006747	1299.33682502215
30	82.2857142857143	1289.57142857143	83.8163265306123	1303.16326530612	85.131195335277	1311.84839650146	86.2990420658059	1318.94752186589	87.3261736181353	1324.79550187422	88.2655781179611	1329.98595823169	89.1360948972914	1334.76629392758	89.951487137197	1339.29744790844	90.7200394254719	1343.66523302366	91.4478484980466	1347.91971156383
31	88	1349.85714285714	89.3061224489796	1359.30612244898	90.3411078717202	1367.12827988338	91.2769679300292	1373.06455643482	92.1730826441364	1378.07229130719	93.0245985941232	1382.55308587408	93.8361652032742	1386.75159888433	94.6087521494671	1390.78783708232	95.3446326123957	1394.72521356022	96.0461174281503	1398.59661397449
32	95.5714285714286	1410.85714285714	95.4081632653061	1419.16326530612	96.0408163265306	1425.40816326531	96.7113702623907	1429.76093294461	97.4510025584578	1433.63068959362	98.194476791133	1437.24414147167	98.9272339149261	1440.76969387148	99.6383913338899	1444.25639358583	100.324091499429	1447.72764189333	100.982977428936	1451.19012051566
33	102.285714285714	1478.85714285714	101.897959183673	1483.24489795918	102.046647230321	1486.01166180758	102.516451478551	1488.45814244065	103.10055334087	1491.01166180758	103.733231901674	1493.70542036056	104.376903209668	1496.53366612308	105.014219744966	1499.46186017523	105.636352656158	1502.46223568069	106.239253337201	1505.51202900612
34	108.285714285714	1549.42857142857	108.285714285714	1548.40816326531	108.256559766764	1547.79591836735	108.602665556018	1548.40899625156	109.063544951508	1549.71934313084	109.593919200333	1551.56670264941	110.146812006173	1553.75123824743	110.703381261556	1556.1603049264	111.252625595526	1558.7168673918	111.78921536237	1561.37206129164
35	115	1617.85714285714	114.69387755102	1612.75510204082	114.6472303207	1609.77842565598	114.907538525614	1608.9237817576	115.288451240555	1609.30124352948	115.729729959456	1610.48671896914	116.195565987447	1612.15170549686	116.668542591496	1614.12258185495	117.139015305373	1616.289406149	117.601850610281	1618.58633124703
36	121.857142857143	1686.28571428571	120.918367346939	1676.04081632653	121.151603498542	1671.2361516035	121.38983756768	1669.51770095793	121.729814958053	1669.40721128101	122.096787903	1670.19363530502	122.480762995982	1671.50882467582	122.869694374533	1673.14922423168	123.258016266055	1674.99760534418	123.642145142423	1676.98440062619
37	127	1745.71428571429	127.285714285714	1735.65306122449	127.734693877551	1731.50437317784	128.039983340275	1729.9012911287	128.350984708752	1729.82447789611	128.654939693495	1730.50896310211	128.960225513422	1731.65540718578	129.265397712774	1733.07986988623	129.569773601651	1734.68545902229	129.872284392605	1736.41395357793
38	132.857142857143	1800.28571428571	134.040816326531	1793.18367346939	134.475218658892	1790.73177842566	134.851311953353	1790.13785922532	135.123757957994	1790.51240554531	135.365876463038	1791.35635662012	135.592294512855	1792.4875373842	135.813480118394	1793.79560838267	136.033079347777	1795.2251032479	136.252734327176	1796.74253819668
39	139.142857142857	1853.85714285714	140.938775510204	1849.36734693878	141.416909620991	1849.56559766764	141.800916284881	1850.50270720533	142.020408163265	1851.57910394478	142.190855850878	1852.7439757244	142.335296396181	1853.95619050857	142.471398058667	1855.21378795209	142.606153224419	1856.51412754751	142.743217799589	1857.85636311803
40	146.857142857143	1896.14285714286	147.979591836735	1905.12244897959	148.597667638484	1908.69679300292	148.864639733444	1911.37900874636	149.007615874338	1913.21895638722	149.089469523753	1914.73149793028	149.146826577361	1916.04818570494	149.196521094137	1917.276835922	149.247327407436	1918.46910634284	149.303633441527	1919.65671297098
41	155.571428571429	1952.14285714286	155.469387755102	1963	155.935860058309	1969.45189504373	156.012078300708	1973.22448979592	156.040102338311	1975.65109775689	156.018402196364	1977.39161403837	155.983388845513	1978.76140772249	155.946521484436	1979.93781450565	155.915775137524	1981.01695972308	155.894975056735	1982.0550046953
42	163.285714285714	2011.14285714286	163.285714285714	2024.59183673469	163.294460641399	2032.33236151604	163.184089962516	2036.39067055394	163.063306955435	2039.01457725948	162.930743142738	2040.7672908397	162.800991569353	2042.07896248283	162.680059727994	2043.14575195224	162.572399612258	2044.08618059843	162.480303012318	2044.96775868317
43	171.142857142857	2076.57142857143	171.183673469388	2089.95918367347	170.597667638484	2097.37026239067	170.30029154519	2100.99666805498	170.020110668174	2103.3198667222	169.777499171264	2104.83760167957	169.556624244271	2105.95016046521	169.357913655649	2106.83407579897	169.180925759623	2107.60005431485	169.025794939648	2108.31278717804
44	179.428571428571	2150.85714285714	178.65306122449	2160.9387755102	177.766763848396	2164.42274052478	177.267388588088	2166.92628071637	176.853513417029	2168.4452906527	176.510875570553	2169.50151722497	176.21022824552	2170.28225727133	175.944531823388	2170.91484354794	175.709164908108	2171.47350109248	175.501864628855	2172.00768895331
45	187.571428571429	2231.42857142857	185.551020408163	2233.34693877551	184.679300291545	2232.89504373178	184.013744273219	2233.68221574344	183.510144582614	2234.14214315464	183.089095529924	2234.57923994254	182.727062217759	2234.94309951029	182.409851441533	2235.2801545101	182.130375036859	2235.614381163	181.884298510699	2235.97133305297
46	194.428571428571	2311.42857142857	192.061224489796	2304.63265306122	191.230320699708	2301.80758017493	190.498542274052	2300.6397334444	189.947700362944	2300.07127982388	189.480284575305	2299.84236160103	189.080273889767	2299.77445743574	188.731081090223	2299.81090396702	188.424596715729	2299.92932701159	188.155330072831	2300.12851429684
47	199.142857142857	2393	198.163265306122	2374.48979591837	197.367346938776	2370.20408163265	196.698458975427	2367.25697625989	196.141250669364	2365.86636520497	195.664697532491	2365.0561755731	195.253153751535	2364.61355994769	194.894195133535	2364.39096336543	194.579815231883	2364.33341876973	194.304566291399	2364.41745801948
48	203.857142857143	2459	203.857142857143	2442.30612244898	203.160349854227	2436.74344023324	202.608496459808	2433.10245730945	202.087642053906	2431.19515677991	201.63624000204	2430.01750971109	201.240626172525	2429.31858445764	200.894992385687	2428.92397499931	200.592812310434	2428.76246842073	200.329694055779	2428.79949055112
49	208.857142857143	2510.14285714286	209.142857142857	2506.97959183673	208.68804664723	2501.03498542274	208.246980424823	2497.89462723865	207.8016302731	2495.85642886892	207.40322484679	2494.58679631786	207.049599110186	2493.79420868127	206.739611480084	2493.35037289232	206.469620547179	2493.18644930551	206.23692131306	2493.27003703146
50	213.857142857143	2565.57142857143	214.142857142857	2568.73469387755	213.997084548105	2563.69096209912	213.655143690129	2561.56226572262	213.311001368477	2559.81656452668	212.98765820364	2558.71131926323	212.698422547457	2558.01057625406	212.444443268727	2557.66271810597	212.225579289604	2557.62266037333	212.041144480414	2557.87011673295
51	219.285714285714	2625.57142857143	219.204081632653	2626.71428571429	219.137026239067	2625.34110787172	218.892128279883	2624.22782174094	218.654310703873	2623.17462961861	218.423182517488	2622.43668879463	218.21580901058	2622.01333870848	218.035511373246	2621.91819110495	217.885059258767	2622.14772881393	217.765875005713	2622.69761786468
52	224.571428571429	2684.14285714286	224.244897959184	2683.38775510204	224.148688046647	2686.44023323615	224.01166180758	2686.31112036651	223.879038495865	2686.12714940204	223.751906093549	2685.90860950794	223.639395878539	2685.92788476133	223.547509098753	2686.24802070358	223.480965837825	2686.90820652538	223.442991588064	2687.91777997635
53	229.428571428571	2743.71428571429	229.224489795918	2743.22448979592	229.087463556851	2747.48104956268	229.064139941691	2748.36068304873	229.038733860891	2748.94294044148	229.022048636198	2749.35693461058	229.014096410266	2749.96087393129	229.022792287193	2750.86438144179	229.054158887209	2752.12988492206	229.11239939076	2753.77240879781
54	234.571428571429	2798.85714285714	234.142857142857	2806.04081632653	234.026239067055	2808.86297376093	234.101624323199	2810.76343190337	234.189920866306	2811.94395192479	234.286402774354	2813.07551275404	234.390630483168	2814.40187094056	234.510554917681	2816.06644244962	234.652928908974	2818.12592669184	234.821654111233	2820.5872533263
55	239.142857142857	2855.71428571429	238.938775510204	2870	238.997084548105	2871.32653061224	239.181591003748	2873.77009579342	239.388707086333	2875.49860177307	239.601348077757	2877.41933208102	239.824610251074	2879.62739164804	240.066338439089	2882.24731897944	240.332628386892	2885.30360320239	240.625562206628	2888.77669636734
56	243.714285714286	2929	243.714285714286	2934.26530612245	244.055393586006	2935.38192419825	244.364847980008	2937.60516451479	244.692628071637	2939.99470458737	245.026128568879	2942.81772050761	245.376581429264	2946.10873384875	245.751962825777	2949.90212166907	246.155475166053	2954.1688510557	246.585704476488	2958.84444941206
57	248.285714285714	3005.28571428571	248.714285714286	2998.40816326531	249.259475218659	3000.51020408163	249.71345272803	3002.56934610579	250.161480335574	3005.84661153091	250.623396713954	3009.79829832808	251.112760960873	3014.42500330887	251.635833421079	3019.63501049444	252.19036233291	3025.32657207282	252.769712230069	3031.37803951985
58	252.857142857143	3073.28571428571	254	3063.95918367347	254.696793002915	3066.38775510204	255.283631820075	3069.11037067888	255.858927827691	3073.58136490748	256.461040892825	3079.01533374699	257.10629366044	3085.27947441724	257.793407718671	3092.16192667882	258.512415926533	3099.4738301012	259.250064740142	3107.03465913986
59	258	3134	259.65306122449	3131.77551020408	260.431486880466	3133.28571428571	261.139108704706	3137.78384006664	261.852501933718	3143.91586838817	262.615704340878	3151.27800491292	263.438766585351	3159.51150358876	264.307436552884	3168.30475567674	265.201961726847	3177.38247783838	266.102135774825	3186.51601274185
60	264.428571428571	3192.71428571429	265.65306122449	3199.12244897959	266.527696793003	3202.23032069971	267.346105789254	3209.32403165348	268.219610876421	3217.80698518474	269.175305357462	3227.57082083146	270.201190577379	3238.09109570883	271.267002455192	3248.96842856164	272.342213162273	3259.86501567663	273.400983709847	3270.52803547162
61	271.571428571429	3257.71428571429	272.204081632653	3267.18367346939	273.01749271137	3274.65014577259	273.983756768013	3284.90670553936	275.053430118403	3296.4631998572	276.241131671327	3309.05681051263	277.493650566313	3322.09028423126	278.764930073037	3335.09724864827	280.015396479489	3347.72226403189	281.216781744301	3359.7256590539
62	278.714285714286	3330.42857142857	279.081632653061	3338.28571428571	279.985422740525	3352.04081632653	281.136609745939	3366.11162015827	282.471351222705	3381.33729993455	283.928658552134	3397.04353628165	285.422812090565	3412.62719463343	286.893159041288	3427.60785313968	288.297125629672	3441.67307841635	289.608914645958	3454.64440442765
63	285.714285714286	3400.42857142857	286.387755102041	3416.87755102041	287.504373177843	3436.16326530612	288.934610578925	3454.8429820908	290.609835187719	3474.04441601714	292.363096513074	3492.87486534805	294.093542745424	3510.75444404306	295.73372287376	3527.2798865368	297.247410711208	3542.25301016411	298.617610925468	3555.60943488942
64	294.142857142857	3481.71428571429	294.142857142857	3505.34693877551	295.723032069971	3529.5889212828	297.550187421908	3553.16284881299	299.622264532635	3576.2485392991	301.670616636492	3597.79261798514	303.598254285784	3617.32674391528	305.348116641589	3634.63574898126	306.900948574082	3649.70993714876	308.255506533706	3662.64737553169
65	301	3571	302.775510204082	3605.69387755102	304.766763848396	3634.8221574344	307.209079550187	3663.22907122033	309.671615993336	3689.48844529065	311.965171562586	3712.77370656218	314.003896438198	3732.85370585716	315.765511769958	3749.81762737007	317.257346238134	3763.90504771741	318.49982251997	3775.40876387746
66	309.142857142857	3684.14285714286	312.285714285714	3720.63265306122	315.01749271137	3754.40524781341	318.108496459808	3786.73365264473	320.8935676603	3814.735171853	323.310818924891	3838.16875078033	325.322713412654	3857.21573736858	326.959432123636	3872.36427791103	328.262835683419	3884.13769107078	329.278023328286	3893.03032921148
67	318.714285714286	3812	323.183673469388	3853.10204081633	326.836734693878	3890.4693877551	330.433111203665	3924.75289462724	333.372251740346	3952.23125364432	335.708286139987	3973.57691993699	337.501946952185	3989.58213282002	338.841767495309	4001.16691745425	339.80748241994	4009.13060017253	340.467458036331	4014.14167829223
68	332	3960.14285714286	335.510204081633	4003.81632653061	340.629737609329	4045.11370262391	344.32921699292	4077.58604748022	347.115314601059	4101.33081989647	349.080626738221	4117.74554410577	350.415416464894	4128.36343295294	351.2597137214	4134.46302262875	351.725608383334	4137.05198245228	351.89813946501	4136.90596800093
69	345.285714285714	4135	350.836734693878	4175.36734693878	356.281341107872	4216.57288629738	359.690271414688	4242.83870609468	361.890882758837	4259.10260946167	363.16037737333	4267.57775686159	363.780254566313	4270.45374842015	363.931585158281	4269.23635661329	363.744531287883	4265.02403575451	363.310496032594	4258.60612240358
70	362	4327.71428571429	369.122448979592	4369.32653061225	373.77667638484	4402.29795918367	376.285399139248	4417.31555463002	377.392105693395	4421.90160011371	377.617731289786	4419.43963350812	377.269890347137	4412.37292084563	376.546250029409	4402.23025024907	375.573453667526	4390.03245372935	374.435433915214	4376.46760601233
71	380.428571428571	4536.71428571429	390.69387755102	4587.85714285714	392.995772594752	4599.42099125365	393.751627446897	4596.85981257809	393.228648720275	4585.42890848059	392.064903225455	4569.26171891557	390.523877868422	4550.39948013678	388.774998385344	4530.08542493951	386.915718574832	4509.05996510965	385.006147319823	4487.78293914794
72	408.285714285714	4771.85714285714	412.336734693878	4805.90816326531	412.294144800777	4791.59076773567	410.638056654635	4767.63159817669	408.229870439097	4738.31393458138	405.519038272525	4707.40591483267	402.706996496358	4676.26704374892	399.897972101804	4645.62200048566	397.143842211221	4615.80612853597	394.470163631253	4586.97265831936
73	437.142857142857	5041.85714285714	434.75306122449	5020.70816326531	431.183386783285	4975.74318756074	426.617057001712	4926.32658720903	422.095045075492	4877.76830837868	417.738269390653	4831.60295775873	413.625367510555	4788.17299281908	409.761888781134	4747.42320373488	406.137400861764	4709.16807633204	402.733640969505	4673.18802748093
74	469.714285714286	5341.71428571429	457.717346938776	5232.96326530612	449.100332847425	5147.27919339164	441.288912391827	5069.44405319543	434.502455290027	5000.98585149646	428.486198788987	4939.76283497503	423.10318544373	4884.56835565308	418.237621846453	4834.35949711638	413.802476252199	4788.33793212181	409.729664534755	4745.87035179433
75	483.5	5486.5	470.59880952381	5349.00476190476	458.834742063492	5240.51620181406	449.337769024673	5147.78123018573	441.294259930549	5068.34019131618	434.362457133773	4998.81848939077	428.276232480109	4937.119461776	422.856579176125	4881.68616661298	417.973722563342	4831.3800166522	413.531988861409	4785.33874957511
76	502.2	5638.6	483.061428571429	5464.43428571429	468.134343537415	5327.43780952381	456.746493869453	5219.01932267574	447.425500585732	5128.48190994408	439.588974472708	5050.91940035265	432.827671321626	4983.06217116466	426.886495712078	4922.76999118579	421.58887265565	4868.5316198855	416.809618191447	4819.24527378294
77	522.75	5813.5	494.541071428572	5570.07857142857	476.479664115646	5404.12022108843	463.137270640994	5279.83835645449	452.627611481737	5179.02074062784	443.962456822011	5094.20717334614	436.60002180437	5020.92697451615	430.201777762459	4956.41924077747	424.545618624279	4898.80872392316	419.477672523867	4846.76457314567

