1	337	4119	345.285714285714	4135	350.836734693878	4175.36734693878	356.731778425656	4220.44897959184	362.349854227405	4265.83965014577	367.645028857024	4309.11495210329	372.75876548037	4352.45502299212	377.643327670808	4394.26574568662	382.387163754655	4435.9932389687	386.952286347042	4476.5270315241	391.408086724087	4517.01082960369
2	358	4283	362	4327.71428571429	369.122448979592	4369.32653061225	375.66472303207	4418.39067055394	381.954602249063	4466.40857975843	387.780567620634	4512.88522639377	393.310100383344	4559.00659589117	398.556325534914	4603.78167867373	403.600343012708	4648.15460811223	408.438198275559	4691.4574526634	413.130513987086	4734.44916765787
3	387	4473	380.428571428571	4536.71428571429	390.69387755102	4587.85714285714	397.851311953353	4641.07871720117	404.53602665556	4690.36109954186	410.75807699173	4740.37966323556	416.533519196933	4788.13173082644	422.054606741846	4836.05506573427	427.273568853461	4882.16066296131	432.323556652569	4928.39541481385	437.155876255197	4973.14001552044
4	390	4726	408.285714285714	4771.85714285714	415.489795918367	4833.04081632653	423.717201166181	4890.97084548105	430.377759266972	4939.91253644315	436.835128220384	4994.03367644434	442.652993225612	5042.10943569431	448.347585979117	5093.486805182	453.59578760828	5140.24736534704	458.796284307373	5189.67996974843	463.656871214936	5235.25984432002
5	420	4939	437.142857142857	5041.85714285714	444.816326530612	5106.22448979592	452.250728862974	5158.38775510204	459.121615993336	5213.67930029155	465.336585946332	5265.62634616529	471.264005643907	5318.32268017578	476.804924575887	5368.59660151322	482.159220413679	5419.43207614625	487.253601741227	5468.32047407807	492.238796139622	5517.64012334051
6	452	5273	469.714285714286	5341.71428571429	478.489795918367	5411.91836734694	484.906705539359	5458.13702623907	491.609745939192	5520.06663890046	497.329743559231	5568.15065151425	503.241209020051	5626.0193881801	508.428832495692	5673.66413411322	513.821566954349	5729.13814162883	518.65879989365	5776.12205171647	523.746417209106	5829.73796149481
7	514	5590	505.571428571429	5676.42857142857	516.571428571429	5753.0612244898	521.521865889213	5791.97376093294	527.896293211162	5861.96793002916	532.885821383947	5904.57553400369	538.672508903603	5968.36278251409	543.334910259695	6011.88152652624	548.736339554479	6072.63369507464	553.175371287132	6116.31651569586	558.372371000193	6174.87301032169
8	539	6009	550.571428571429	6047.28571428571	550.571428571429	6047.28571428571	557.938775510204	6136.81632653061	561.860058309038	6166.98833819242	567.922115785089	6242.60766347355	571.960135657762	6278.22359731064	577.587357308604	6348.5587212811	581.588385791634	6386.47676927616	587.025760819844	6453.18898466747	590.944318608247	6492.17536910641
9	586	6382	597.714285714286	6467.57142857143	597.714285714286	6467.57142857143	603.081632653061	6563.10204081633	605.906705539359	6584.07871720117	611.620991253644	6666.76218242399	614.677455821979	6694.47932409115	620.192751319603	6771.72413705174	623.436730079668	6802.76565158104	628.991545761944	6876.14231974356	632.292064721748	6909.12328156935
10	638	6816	647	6924.71428571429	647	6924.71428571429	651.857142857143	7034.38775510204	653.428571428571	7045.33527696793	658.777176176593	7136.78342357351	660.876063544951	7155.65347771762	666.458014942753	7240.52393985499	668.889568607832	7263.52191081704	674.705233190183	7344.34075660201	677.319845261912	7370.0879923076
11	705	7322	697.857142857143	7458.14285714286	697.857142857143	7458.14285714286	703.897959183673	7555.44897959184	703.897959183673	7555.44897959184	709.239067055394	7655.40524781341	710.427321949188	7664.27613494377	716.373534836675	7757.37383233177	717.978418856089	7771.2593392209	724.249701594209	7860.25409359317	726.134330222327	7877.62847702809
12	750	7881	753.142857142857	8025.85714285714	753.142857142857	8025.85714285714	758.142857142857	8127.4693877551	758.142857142857	8127.4693877551	763.574344023324	8227.78425655977	764.202415660142	8232.34485630987	770.565419170584	8329.26994704587	771.593443208187	8338.06746338685	778.307520068776	8431.2811365041	779.637972412231	8443.36364637739
13	797	8473	811.142857142857	8640.71428571429	811.142857142857	8640.71428571429	815	8748.28571428571	815	8748.28571428571	821.186588921283	8849.74927113703	821.411078717201	8851.31320283215	828.424644493366	8951.05319212233	829.016030735493	8955.89111679657	836.305687741867	9052.09081978719	837.177295972576	9059.77074455822
14	870	9324	869.857142857143	9323.85714285714	869.857142857143	9323.85714285714	874.755102040816	9422.32653061225	874.755102040816	9422.32653061225	882.294460641399	9522.52478134111	882.294460641399	9522.52478134111	890.14618908788	9623.27488546439	890.437734277384	9625.41708811805	898.380317724758	9723.04750571616	898.90456114617	9727.44200606404
15	926	9983	930.285714285714	10051.4285714286	930.285714285714	10051.4285714286	938.285714285714	10143.4693877551	938.285714285714	10143.4693877551	947.265306122449	10245.8804664723	947.265306122449	10245.8804664723	955.992086630571	10345.7480216576	956.113881120962	10346.6229547212	964.69287456757	10443.9140749178	964.987848843351	10446.3249314243
16	992	10686	995.714285714286	10813.2857142857	995.714285714286	10813.2857142857	1006.36734693878	10916.8571428571	1006.36734693878	10916.8571428571	1016.63556851312	11019.2448979592	1016.63556851312	11019.2448979592	1026.17992503124	11117.3919200333	1026.21199500208	11117.6153388469	1035.3191272344	11213.0998223529	1035.46724093338	11214.2538908108
17	1049	11598	1065.28571428571	11643	1065.28571428571	11643	1079.61224489796	11743.8163265306	1079.61224489796	11743.8163265306	1090.82798833819	11842.3352769679	1090.82798833819	11842.3352769679	1100.98042482299	11937.2207413578	1100.98042482299	11937.2207413578	1110.37779893298	12029.0673826382	1110.44142888309	12029.5303189997
18	1128	12415	1142.57142857143	12506.1428571429	1142.57142857143	12506.1428571429	1158.69387755102	12618.9387755102	1158.69387755102	12618.9387755102	1170.16034985423	12712.7172011662	1170.16034985423	12712.7172011662	1180.56143273636	12803.439816743	1180.56143273636	12803.439816743	1189.87164078459	12889.1763788897	1189.89362142191	12889.3332863008
19	1208	13214	1229.71428571429	13439.5714285714	1229.71428571429	13439.5714285714	1243.73469387755	13541.0204081633	1243.73469387755	13541.0204081633	1254.88921282799	13629.2915451895	1254.88921282799	13629.2915451895	1264.9491878384	13713.570179092	1264.9491878384	13713.570179092	1273.64032347633	13789.5416255132	1273.64490490074	13789.5735424866
20	1284	14281	1323.85714285714	14429.4285714286	1323.85714285714	14429.4285714286	1334.34693877551	14509.9183673469	1334.34693877551	14509.9183673469	1344.79008746356	14588.5510204082	1344.79008746356	14588.5510204082	1353.83534638345	14662.8261141191	1353.83534638345	14662.8261141191	1361.22338823771	14723.8632157236	1361.22338823771	14723.8632157236
21	1411	15366	1423.42857142857	15449.7142857143	1423.42857142857	15449.7142857143	1430.08163265306	15515	1430.08163265306	15515	1439.36151603499	15586.0583090379	1439.36151603499	15586.0583090379	1446.60308204915	15644.0378592253	1446.60308204915	15644.0378592253	1451.8401534083	15683.3140036889	1451.8401534083	15683.3140036889
22	1536	16517	1525.57142857143	16506	1525.57142857143	16506	1531.38775510204	16559.4897959184	1531.38775510204	16559.4897959184	1537.97959183673	16616.7930029155	1537.97959183673	16616.7930029155	1542.37286547272	16648.3047480217	1542.37286547272	16648.3047480217	1544.39679523413	16656.5082394241	1544.39679523413	16656.5082394241
23	1651	17615	1630	17595.5714285714	1630	17595.5714285714	1635.67346938776	17631.6734693878	1635.67346938776	17631.6734693878	1638.83867832847	17664.0364431487	1638.83867832847	17664.0364431487	1639.26137836087	17657.6430515063	1639.26137836087	17657.6430515063	1637.0187228398	17624.6032594223	1637.0187228398	17624.6032594223
24	1746	18740	1735.42857142857	18678.5714285714	1735.42857142857	18678.5714285714	1741.61224489796	18726.3673469388	1741.61224489796	18726.3673469388	1740.20213799806	18710.8174927114	1740.20213799806	18710.8174927114	1735.29778101717	18653.3762571151	1735.29778101717	18653.3762571151	1727.74840572931	18568.2541952493	1727.74840572931	18568.2541952493
25	1843	19809	1851.71428571429	19817.5714285714	1851.71428571429	19817.5714285714	1849.02040816327	19834.0816326531	1849.02040816327	19834.0816326531	1840.54883381924	19742.5854227405	1840.54883381924	19742.5854227405	1828.45792551715	19615.7994668888	1828.45792551715	19615.7994668888	1814.59754105845	19468.0314309316	1814.59754105845	19468.0314309316
26	1939	20841	1959.71428571429	20944.8571428571	1959.71428571429	20944.8571428571	1949.74829931973	20871.7244897959	1949.74829931973	20871.7244897959	1933.10880304503	20694.6596695821	1933.10880304503	20694.6596695821	1913.3026810781	20490.23531908	1913.3026810781	20490.23531908	1892.86047388741	20276.72037503	1892.86047388741	20276.72037503
27	2022	21862	2065.42857142857	22092.2857142857	2065.42857142857	22092.2857142857	2043.89115646258	21837.3857142857	2043.89115646258	21837.3857142857	2017.04490605766	21558.6834596696	2017.04490605766	21558.6834596696	1988.94312661005	21268.3826649081	1988.94312661005	21268.3826649081	1961.77089322465	20987.3457811201	1961.77089322465	20987.3457811201
28	2225	23339	2175.28571428571	23203.7142857143	2175.28571428571	23203.7142857143	2132.50850340136	22737.3755102041	2132.50850340136	22737.3755102041	2091.48252753482	22323.0207774538	2091.48252753482	22323.0207774538	2054.54702935312	21942.4785090009	2054.54702935312	21942.4785090009	2020.69716245612	21594.0570662113	2020.69716245612	21594.0570662113
29	2292	24408	2230.66666666667	23769.5	2230.66666666667	23769.5	2179.30753968254	23224.0095238095	2179.30753968254	23224.0095238095	2131.89288076342	22737.843968254	2131.89288076342	22737.843968254	2090.21339527544	22309.1273567109	2090.21339527544	22309.1273567109	2052.73703527929	21923.7666660984	2052.73703527929	21923.7666660984
30	2391	25647	2289	24355.2	2289	24355.2	2223.22619047619	23679.84	2223.22619047619	23679.84	2168.32179705215	23111.0678639456	2168.32179705215	23111.0678639456	2121.63431372152	22632.0208941367	2121.63431372152	22632.0208941367	2080.62390611952	22210.472935502	2080.62390611952	22210.472935502
31	2515	26520	2355.75	24978.5	2355.75	24978.5	2262.67559523809	24076.7285714286	2262.67559523809	24076.7285714286	2199.42945719955	23429.4884013605	2199.42945719955	23429.4884013605	2147.78166563749	22900.3552527535	2147.78166563749	22900.3552527535	2103.54410099689	22445.9955031505	2103.54410099689	22445.9955031505

