#	tasso pos	tamponi	ricoverati_con_sintomi	terapia_intensiva	totale_ospedalizzati	totale_positivi	variazione_totale_positivi	nuovi_positivi	dimessi_guariti	deceduti	positivi giorn	media mobile	media positivi	morti giornalieri	media morti	media tamponi	casi testati	media mobile casi test	tasso vero	media vero	media osp	media icu	media tot	tot positivi	tamponi per positivo	tamponi a nuovi casi per positivo
02/24/20 00:00	0	1	0	0	0	0	0	0	0	0	0	0	0	10	2.5	3.5	0	0	0	0	0	0	0	0	#DIV/0!	#DIV/0!
02/25/20 00:00	0	1	0	0	0	0	0	0	0	0	0	2.85714285714286	0.2	0	2	4.2	0	0	0	0	0	0	0	0	#DIV/0!	#DIV/0!
02/26/20 00:00	0	1	0	0	0	0	0	0	0	0	0	2.85714285714286	0.166666666666667	0	1.66666666666667	4.5	0	0	0	0	0	0	0	0	#DIV/0!	#DIV/0!
02/27/20 00:00	0	11	0	0	0	0	0	0	0	0	0	2.38095238095238	0.142857142857143	0	1.42857142857143	5	0	0	0	0	0	0	0	0	#DIV/0!	#DIV/0!
02/28/20 00:00	14.2857142857143	7	0	0	0	1	1	1	0	0	1	2.04081632653061	0.142857142857143	0	0	5.42857142857143	0	0	0	0	0	0	0	1	7	#DIV/0!
02/29/20 00:00	0	6	0	0	0	1	0	0	0	0	0	2.04081632653061	0.142857142857143	0	0	39.4285714285714	0	0	0	0	0	0	0	1	#DIV/0!	#DIV/0!
03/01/20 00:00	0	8	0	0	0	1	0	0	0	0	0	2.04081632653061	0.142857142857143	0	0	40.2857142857143	0	0	0	0	0	0	0	1	#DIV/0!	#DIV/0!
03/02/20 00:00	0	4	0	0	0	1	0	0	0	0	0	2.04081632653061	0.285714285714286	0	0	39.7142857142857	0	0	0	0	0.142857142857143	0	0.142857142857143	1	#DIV/0!	#DIV/0!
03/03/20 00:00	0	239	0	0	0	1	0	0	0	0	0	4.08163265306122	0.428571428571429	0	0	45.2857142857143	0	0	0	0	0.428571428571429	0	0.428571428571429	1	#DIV/0!	#DIV/0!
03/04/20 00:00	0	7	0	0	0	1	0	0	0	0	0	2.66193433895297	0.428571428571429	0	0	46.4285714285714	0	0	0	0	0.714285714285714	0	0.714285714285714	1	#DIV/0!	#DIV/0!
03/05/20 00:00	14.2857142857143	7	1	0	1	2	1	1	0	0	1	2.66193433895297	1.14285714285714	0	0	45.2857142857143	0	0	0	0	1.42857142857143	0	1.42857142857143	2	7	#DIV/0!
03/06/20 00:00	4.34782608695652	46	2	0	2	4	2	2	0	0	2	#DIV/0!	1.42857142857143	0	0	53.2857142857143	0	0	0	0	2.57142857142857	0	2.57142857142857	4	23	#DIV/0!
03/07/20 00:00	0	14	2	0	2	4	0	0	0	0	0	#DIV/0!	1.71428571428571	0	0	45.8571428571429	0	0	0	0	3.71428571428571	0.285714285714286	4	4	#DIV/0!	#DIV/0!
03/08/20 00:00	#DIV/0!	0	5	0	5	9	5	5	0	0	5	#DIV/0!	2.57142857142857	0	0	51.2857142857143	0	0	0	0	5.14285714285714	0.571428571428571	5.71428571428571	9	#DIV/0!	#DIV/0!
03/09/20 00:00	3.33333333333333	60	8	0	8	9	0	2	2	0	2	#DIV/0!	4.42857142857143	0	0	61.4285714285714	0	0	0	0	7	0.857142857142857	7.85714285714286	11	30	#DIV/0!
03/10/20 00:00	1.06951871657754	187	8	2	10	11	2	2	2	0	2	#DIV/0!	4.85714285714286	0	0	57.8571428571429	0	0	0	0	9.28571428571429	1.28571428571429	10.5714285714286	13	93.5	#DIV/0!
03/11/20 00:00	13.3333333333333	45	10	2	12	17	6	6	2	0	6	#DIV/0!	8	0	0	85.4285714285714	0	0	0	0	12.1428571428571	1.85714285714286	14	19	7.5	#DIV/0!
03/12/20 00:00	17.948717948718	78	14	2	16	32	15	14	1	0	14	#DIV/0!	8.42857142857143	0	0.142857142857143	110.142857142857	0	0	0	0	16	2.71428571428571	18.7142857142857	33	5.57142857142857	#DIV/0!
03/13/20 00:00	23.8095238095238	21	18	3	21	37	5	5	1	0	5	10.6781034174007	11.1428571428571	0	0.142857142857143	122.428571428571	0	0	0	0	20	3.71428571428571	23.7142857142857	38	4.2	#DIV/0!
03/14/20 00:00	10.6280193236715	207	22	4	26	59	22	22	1	0	22	12.2567074617582	14.4285714285714	0	0.142857142857143	133.285714285714	0	0	0	0	25.2857142857143	4.85714285714286	30.1428571428571	60	9.40909090909091	#DIV/0!
03/15/20 00:00	4.6242774566474	173	32	6	38	66	7	8	1	1	8	13.4618767053975	15.7142857142857	1	0.142857142857143	180.428571428571	0	0	0	0	30.2857142857143	6.14285714285714	36.4285714285714	68	21.625	#DIV/0!
03/16/20 00:00	14.3835616438356	146	36	7	43	87	21	21	1	1	21	12.1285433720642	19.4285714285714	0	0.428571428571429	265.571428571429	0	0	0	0	36.8571428571429	7.71428571428571	44.5714285714286	89	6.95238095238095	#DIV/0!
03/17/20 00:00	9.50570342205323	263	45	10	55	112	25	25	1	1	25	10.4122576795174	24.1428571428571	0	0.571428571428571	312.285714285714	0	0	0	0	44.4285714285714	9.57142857142857	54	114	10.52	#DIV/0!
03/18/20 00:00	4	375	45	11	56	126	14	15	2	1	15	8.57083145385472	25	0	0.714285714285714	334.142857142857	0	0	0	0	51.7142857142857	11.2857142857143	63	129	25	#DIV/0!
03/19/20 00:00	5.93471810089021	674	60	13	73	164	38	40	2	3	40	8.16365409015561	29.2857142857143	2	1	397.428571428571	0	0	0	0	58.1428571428572	12.8571428571429	71	169	16.85	#DIV/0!
03/20/20 00:00	10.9195402298851	348	71	16	87	201	37	38	2	4	38	8.38430462046758	29	1	0.857142857142857	434.714285714286	0	0	0	0	64.7142857142857	14.7142857142857	79.4285714285714	207	9.1578947368421	#DIV/0!
03/21/20 00:00	7.77777777777778	360	73	16	89	225	24	28	5	5	28	6.9964107668203	29.2857142857143	1	1.28571428571429	456.142857142857	0	0	0	0	70.8571428571429	16.2857142857143	87.1428571428571	235	12.8571428571429	#DIV/0!
03/22/20 00:00	6.16883116883117	616	77	17	94	260	35	38	5	8	38	6.57238603029039	31.7142857142857	3	1.42857142857143	484.285714285714	0	0	0	0	77.7142857142857	18	95.7142857142857	273	16.2105263157895	#DIV/0!
03/23/20 00:00	4.66830466830467	407	82	20	102	280	20	19	5	7	19	6.80015825806261	32	-1	1.57142857142857	513	0	0	0	0	83.5714285714286	19.4285714285714	103	292	21.421052631579	#DIV/0!
03/24/20 00:00	6.53753026634383	413	88	21	109	304	24	27	5	10	27	6.63805567222116	41	3	2	601.571428571429	0	0	0	0	88.1428571428571	20.2857142857143	108.428571428571	319	15.2962962962963	#DIV/0!
03/25/20 00:00	5.59440559440559	572	93	23	116	333	29	32	7	11	32	6.56867625331196	45.7142857142857	1	2.28571428571429	672.857142857143	0	0	0	0	93	21.1428571428571	114.142857142857	351	17.875	#DIV/0!
03/26/20 00:00	4.8	875	101	23	124	372	39	42	7	14	42	6.47203379345646	48.7142857142857	3	2.42857142857143	688.428571428571	0	0	0	0	99.7142857142857	21.4285714285714	121.142857142857	393	20.8333333333333	#DIV/0!
03/27/20 00:00	10.4338842975207	968	103	22	125	469	97	101	7	18	101	6.75333377426383	50.7142857142857	4	3.42857142857143	705.714285714286	0	0	0	0	106.571428571429	21.1428571428571	127.714285714286	494	9.58415841584158	#DIV/0!
03/28/20 00:00	7.10128055878929	859	107	22	129	523	54	61	11	21	61	6.9792902502203	48.5714285714286	3	3.71428571428571	691.571428571429	0	0	0	0	112.857142857143	20.5714285714286	133.428571428571	555	14.0819672131148	#DIV/0!
03/29/20 00:00	8.13793103448276	725	124	19	143	577	54	59	12	25	59	6.59130821945053	45.4285714285714	4	3.85714285714286	703.571428571429	0	0	0	0	120.142857142857	19.5714285714286	139.714285714286	614	12.2881355932203	#DIV/0!
03/30/20 00:00	6.25	528	130	18	148	602	25	33	14	31	33	6.00987745509294	42.5714285714286	6	3.85714285714286	678	0	0	0	0	129	19	148	647	16	#DIV/0!
03/31/20 00:00	3.82165605095541	314	132	17	149	606	4	12	17	36	12	5.77572310369721	34.1428571428571	5	3.85714285714286	672.428571428571	0	0	0	0	140.428571428571	18.2857142857143	158.714285714286	659	26.1666666666667	#DIV/0!
04/01/20 00:00	1.52439024390244	656	144	16	160	610	4	10	21	38	10	4.93102396293192	26.5714285714286	2	4	650.571428571429	0	0	0	0	150.571428571429	17.2857142857143	167.857142857143	669	65.6	#DIV/0!
04/02/20 00:00	3.16091954022989	696	163	19	182	627	17	22	23	41	22	4.07843309395069	25.8571428571429	3	4.42857142857143	656	0	0	0	0	157.714285714286	16.4285714285714	174.142857142857	691	31.6363636363636	#DIV/0!
04/03/20 00:00	4.52099031216362	929	183	17	200	662	35	42	26	45	42	3.92691813807906	24.2857142857143	4	3.85714285714286	660	0	0	0	0	163.428571428571	15.8571428571429	179.285714285714	733	22.1190476190476	#DIV/0!
04/04/20 00:00	1.13314447592068	706	178	15	193	662	0	8	30	49	8	3.59932307127536	24.8571428571429	4	3.42857142857143	677.857142857143	0	0	0	0	168.714285714286	15.4285714285714	184.142857142857	741	88.25	#DIV/0!
04/05/20 00:00	7.07732634338139	763	174	13	187	706	44	54	33	56	54	3.57403605325732	27.1428571428571	7	3.14285714285714	713.428571428571	0	0	0	0	172.428571428571	15.2857142857143	187.714285714286	795	14.1296296296296	#DIV/0!
04/06/20 00:00	3.9568345323741	556	170	14	184	722	16	22	37	58	22	3.76668432938492	26.1428571428571	2	2.85714285714286	717	0	0	0	0	173.142857142857	14.7142857142857	187.857142857143	817	25.2727272727273	#DIV/0!
04/07/20 00:00	3.64464692482916	439	169	14	183	733	11	16	40	60	16	3.61233065621159	24	2	2.85714285714286	718.428571428571	0	0	0	0	171	14.2857142857143	185.285714285714	833	27.4375	#DIV/0!
04/08/20 00:00	2.87292817679558	905	170	15	185	755	22	26	44	60	26	3.37724623461999	24.8571428571429	0	2.42857142857143	739.857142857143	0	0	0	0	169.714285714286	14.2857142857143	184	859	34.8076923076923	#DIV/0!
04/09/20 00:00	2.08044382801664	721	168	15	183	765	10	15	48	61	15	3.44901331215869	18.2857142857143	1	1.42857142857143	733.428571428571	0	0	0	0	168.428571428571	14.4285714285714	182.857142857143	874	48.0666666666667	#DIV/0!
04/10/20 00:00	2.87539936102236	939	168	14	182	786	21	27	50	65	27	2.59713899569473	15.8571428571429	4	1.28571428571429	709	0	0	0	0	167	14.1428571428571	181.142857142857	901	34.7777777777778	#DIV/0!
04/11/20 00:00	1.63551401869159	856	169	15	184	792	6	14	57	66	14	2.21740567659862	17.5714285714286	1	1.14285714285714	706	0	0	0	0	165.857142857143	13.8571428571429	179.714285714286	915	61.1428571428572	#DIV/0!
04/12/20 00:00	1.1142061281337	718	165	14	179	795	3	8	62	66	8	2.65367962923752	16	0	1.57142857142857	669.285714285714	0	0	0	0	163.857142857143	13.2857142857143	177.142857142857	923	89.75	#DIV/0!
04/13/20 00:00	1.2987012987013	385	160	12	172	791	-4	5	70	67	5	2.57394914895455	19.2857142857143	1	1.57142857142857	706.285714285714	0	0	0	0	162.285714285714	12.4285714285714	174.714285714286	928	77	#DIV/0!
04/14/20 00:00	6.69856459330144	418	161	12	173	816	25	28	72	68	28	2.83067874786762	12.8571428571429	1	1.14285714285714	717.142857142857	0	0	0	0	160.285714285714	11.4285714285714	171.714285714286	956	14.9285714285714	#DIV/0!
04/15/20 00:00	2.31481481481481	648	156	11	167	819	3	15	81	71	15	2.16656469418181	13.7142857142857	3	1	757.285714285714	0	0	0	0	157.857142857143	10.2857142857143	168.142857142857	971	43.2	#DIV/0!
04/16/20 00:00	3.87755102040816	980	157	9	166	847	28	38	90	72	38	2.18420768460117	16	1	1.28571428571429	792.714285714286	0	3176.28571428571	0	0.015420398617304	154.571428571429	9.14285714285714	163.714285714286	1009	25.7894736842105	#DIV/0!
04/17/20 00:00	-1.77339901477833	1015	154	7	161	819	-28	-18	99	73	-18	2.37995995910913	15.7142857142857	1	1.14285714285714	825.285714285714	0	3263.85714285714	0	0.085334171630588	151.714285714286	8.42857142857143	160.142857142857	991	-56.3888888888889	#DIV/0!
04/18/20 00:00	1.75901495162709	1137	152	7	159	832	13	20	106	73	20	2.26434497516509	13	0	1.14285714285714	918	0	3416.28571428571	0	0.205832230272976	147.714285714286	7.71428571428571	155.428571428571	1011	56.85	#DIV/0!
04/19/20 00:00	2.48447204968944	966	142	6	148	844	12	24	116	75	24	1.42790523476441	12.7142857142857	2	0.714285714285714	985.428571428571	22234	3554	0.10794279032113	0.398481904250451	143.714285714286	7.14285714285714	150.857142857143	1035	40.25	926.416666666667
04/20/20 00:00	0.489396411092985	613	140	7	147	828	-16	3	135	75	3	1.26303373060719	8.57142857142857	0	0.571428571428571	1032.42857142857	613	3741	0.489396411092985	0.496703010874919	139.714285714286	6.85714285714286	146.571428571429	1038	204.333333333333	204.333333333333
04/21/20 00:00	0.84348641049672	1067	133	7	140	819	-9	9	152	76	9	0.807318977173353	12.5714285714286	1	1	1015.28571428571	1067	3830.14285714286	0.84348641049672	0.725640739812648	135.285714285714	6.85714285714286	142.142857142857	1047	118.555555555556	118.555555555556
04/22/20 00:00	1.16071428571429	1120	128	7	135	821	2	13	163	76	13	1.22027861296371	11	0	1	1023.57142857143	964	4000.85714285714	1.34854771784232	0.833231893428906	131.428571428571	6.85714285714286	138.285714285714	1060	86.1538461538462	74.1538461538462
04/23/20 00:00	0.687547746371276	1309	129	7	136	823	2	9	170	76	9	1.07658191634753	7.71428571428571	0	0.714285714285714	1013.28571428571	1309	952.285714285714	0.687547746371276	0.833791040992491	128	7.14285714285714	135.142857142857	1069	145.444444444444	145.444444444444
04/24/20 00:00	1.11731843575419	895	123	7	130	821	-2	10	178	80	10	0.737636884001355	8.28571428571429	4	1.14285714285714	1059.14285714286	624	998.142857142857	1.6025641025641	0.870943649135524	124.285714285714	7	131.285714285714	1079	89.5	62.4
04/25/20 00:00	0.753138075313808	1195	125	7	132	811	-10	9	197	80	9	0.774789492144388	7.14285714285714	0	1.28571428571429	1187.85714285714	1195	1126.85714285714	0.753138075313808	0.757704591654576	121.428571428571	6.85714285714286	128.285714285714	1088	132.777777777778	132.777777777778
04/26/20 00:00	0.111856823266219	894	118	8	126	797	-14	1	212	80	1	0.66155043466344	6	0	1.42857142857143	1193.42857142857	894	1154.71428571429	0.111856823266219	0.626684401222028	118.428571428571	6.71428571428571	125.142857142857	1089	894	894
04/27/20 00:00	0.749464668094218	934	114	6	120	782	-15	7	231	83	7	0.557363591677755	5.57142857142857	3	1.42857142857143	1147.71428571429	934	1109	0.749464668094218	0.61513092423789	115	6.57142857142857	121.571428571429	1096	133.428571428571	133.428571428571
04/28/20 00:00	0.050813008130081	1968	113	6	119	764	-18	1	248	85	1	0.545810114693617	4.71428571428571	2	0.857142857142857	1184.28571428571	1968	1184.28571428571	0.050813008130081	0.435839465624103	112.428571428571	6	118.428571428571	1097	1968	1968
04/29/20 00:00	0.431406384814495	1159	107	6	113	753	-11	5	263	86	5	0.435839465624103	3.42857142857143	1	1.14285714285714	1138.42857142857	1159	1138.42857142857	0.431406384814495	0.328248312007845	108.857142857143	5.57142857142857	114.428571428571	1102	231.8	231.8
04/30/20 00:00	0.606673407482305	989	105	6	111	740	-13	6	282	86	6	0.328248312007845	3.57142857142857	0	1.14285714285714	1140.28571428571	989	1139.14285714286	0.606673407482305	0.344050110177822	105.571428571429	5	110.571428571429	1108	164.833333333333	164.833333333333
05/01/20 00:00	0.347523892267593	1151	105	3	108	727	-13	4	299	86	4	0.343769789610229	3.14285714285714	0	0.714285714285714	1093	1151	1079.42857142857	0.347523892267593	0.347725700228593	102.571428571429	4.71428571428571	107.285714285714	1112	287.75	287.75
05/02/20 00:00	0	874	100	4	104	713	-14	0	311	88	0	0.331467682322664	3.14285714285714	2	0.428571428571429	964.857142857143	874	951.285714285714	0	0.353805367868006	99.5714285714286	4.42857142857143	104	1112	#DIV/0!	#DIV/0!
05/03/20 00:00	0.220507166482911	907	95	4	99	702	-11	2	324	88	2	0.337547349962077	2.85714285714286	0	0.428571428571429	987.714285714286	899	974.142857142857	0.222469410456062	0.324668032054043	96.7142857142857	4	100.714285714286	1114	453.5	449.5
05/04/20 00:00	0.66334991708126	603	93	4	97	674	-28	4	356	88	4	0.308410014148114	2.42857142857143	0	0.428571428571429	993	516	979.428571428571	0.775193798449612	0.279771496816387	93.2857142857143	3.42857142857143	96.7142857142857	1118	150.75	129
05/05/20 00:00	0.093370681605976	1071	92	4	96	650	-24	1	381	88	1	0.263513478910458	2	0	0.571428571428571	989.428571428572	1071	971.571428571429	0.093370681605976	0.243159637337075	88.7142857142857	3.28571428571429	92	1119	1071	1071
05/06/20 00:00	0.227445034116755	1319	87	3	90	644	-6	3	389	89	3	0.226554343831378	2.42857142857143	1	0.285714285714286	1020.42857142857	1319	1002.57142857143	0.227445034116755	0.282442078086061	84.1428571428571	3	87.1428571428571	1122	439.666666666667	439.666666666667
05/07/20 00:00	0.292397660818713	1026	81	2	83	633	-11	3	403	89	3	0.265836784580363	2.57142857142857	0	0.428571428571429	1039.42857142857	1026	1058.57142857143	0.292397660818713	0.283857591099364	80	2.71428571428571	82.7142857142857	1125	342	342
05/08/20 00:00	0.088809946714032	1126	73	2	75	619	-14	1	417	90	1	0.275544552005882	2.28571428571429	1	0.714285714285714	1118.14285714286	1096	1149.71428571429	0.091240875912409	0.197874223507033	75.8571428571429	2.28571428571429	78.1428571428571	1126	1126	1096
05/09/20 00:00	0.274977085242896	1091	68	2	70	612	-7	3	427	90	3	0.205538881751886	2.71428571428571	0	0.714285714285714	1130.14285714286	1091	1161.71428571429	0.274977085242896	0.2340098898948	72	1.85714285714286	73.8571428571429	1129	363.666666666667	363.666666666667
05/10/20 00:00	0.288461538461538	1040	66	2	68	596	-16	3	445	91	3	0.241674548139654	2.57142857142857	1	0.571428571428571	1137	1291	1168.57142857143	0.232378001549187	0.222418567746445	68.7142857142857	1.57142857142857	70.2857142857143	1132	346.666666666667	430.333333333333
05/11/20 00:00	0.173310225303293	1154	64	1	65	568	-28	2	473	93	2	0.230083225991299	2.57142857142857	2	0.857142857142857	1170.85714285714	1154	1198.57142857143	0.173310225303293	0.215321537144049	65.5714285714286	1.57142857142857	67.1428571428571	1134	577	577
05/12/20 00:00	0.346320346320346	1155	65	1	66	568	0	4	477	93	4	0.222244944618826	2.57142857142857	0	0.714285714285714	1245.85714285714	1155	1277.85714285714	0.346320346320346	0.210939890857696	63.1428571428572	1.57142857142857	64.7142857142857	1138	288.75	288.75
05/13/20 00:00	0.146305779078274	1367	64	1	65	551	-17	2	496	93	2	0.218210573932241	3.14285714285714	0	0.714285714285714	1288.57142857143	1367	1323.42857142857	0.146305779078274	0.242579435924314	61.4285714285714	1.57142857142857	63	1140	683.5	683.5
05/14/20 00:00	0.237529691211401	1263	59	2	61	524	-27	3	524	95	3	0.250870579226421	2.71428571428571	2	0.571428571428571	1313.28571428571	1236	1312.28571428571	0.242718446601942	0.209382578560144	60	1.57142857142857	61.5714285714286	1143	421	412
05/15/20 00:00	0.060569351907935	1651	56	2	58	505	-19	1	544	95	1	0.20966178801763	2.42857142857143	0	0.285714285714286	1271.71428571429	1651	1270.71428571429	0.060569351907935	0.184623974945388	58.4285714285714	1.71428571428571	60.1428571428571	1144	1651	1651
05/16/20 00:00	0.503597122302158	1390	56	2	58	474	-31	7	582	95	7	0.184903184402873	2.14285714285714	0	0.285714285714286	1270	1410	1239.57142857143	0.49645390070922	0.16564209287462	56.2857142857143	1.85714285714286	58.1428571428572	1151	198.571428571429	201.428571428571
05/17/20 00:00	0	1213	56	2	58	422	-52	0	634	95	0	0.160425724604829	2.28571428571429	0	0.428571428571429	1240.14285714286	1213	1178.42857142857	0	0.190382526990778	54.1428571428571	1.85714285714286	56	1151	#DIV/0!	#DIV/0!
05/18/20 00:00	0	863	53	2	55	401	-21	0	655	95	0	0.176534521524069	1.85714285714286	0	0.142857142857143	1239.14285714286	863	1181.28571428571	0	0.1557084631905	52.4285714285714	1.71428571428571	54.1428571428571	1151	#DIV/0!	#DIV/0!
05/19/20 00:00	0.174978127734033	1143	50	2	52	382	-19	2	676	95	2	0.142601708493868	1.85714285714286	0	0.142857142857143	1163.71428571429	937	1105.85714285714	0.213447171824973	0.159776726491275	51.1428571428572	1.57142857142857	52.7142857142857	1153	571.5	468.5
05/20/20 00:00	0.259067357512953	1158	49	1	50	353	-29	3	707	96	3	0.146669971794643	0.857142857142857	1	0.142857142857143	1114.42857142857	939	1053.71428571429	0.319488817891374	0.088854740675672	49.2857142857143	1.42857142857143	50.7142857142857	1156	386	313
05/21/20 00:00	0	1256	47	1	48	326	-27	0	734	96	0	0.074727525751478	0.857142857142857	0	0.142857142857143	1092.57142857143	1256	1031.85714285714	0	0.088854740675672	47.4285714285714	1.28571428571429	48.7142857142857	1156	#DIV/0!	#DIV/0!
05/22/20 00:00	0.089047195013357	1123	47	1	48	302	-24	1	759	96	1	0.074727525751478	0.857142857142857	0	0.142857142857143	1048.71428571429	1123	988	0.089047195013357	0.088854740675672	45.8571428571429	1.14285714285714	47	1157	1123	1123
05/23/20 00:00	0	1045	43	1	44	288	-14	0	773	96	0	0.074727525751478	0.571428571428571	0	0.142857142857143	1029.14285714286	1045	997.857142857143	0	0.058362287557819	44.5714285714286	1	45.5714285714286	1157	#DIV/0!	#DIV/0!
05/24/20 00:00	0	1060	43	1	44	275	-13	0	786	96	0	0.049730650360902	0.285714285714286	0	0	1023.28571428571	1060	1023.28571428571	0	0.025510387112153	42.5714285714286	1	43.5714285714286	1157	#DIV/0!	#DIV/0!
05/25/20 00:00	0	556	42	1	43	264	-11	0	797	96	0	0.025510387112153	0.285714285714286	0	0	1033.14285714286	556	1033.14285714286	0	0.025510387112153	40.2857142857143	1	41.2857142857143	1157	#DIV/0!	#DIV/0!
05/26/20 00:00	0	1006	41	1	42	238	-26	0	823	96	0	0.025510387112153	0.142857142857143	0	0.142857142857143	1040.57142857143	1006	1040.57142857143	0	0.012789359253102	37.1428571428571	1	38.1428571428571	1157	#DIV/0!	#DIV/0!
05/27/20 00:00	0.08952551477171	1117	35	1	36	190	-48	1	872	96	1	0.012789359253102	0.142857142857143	0	0.142857142857143	1063.14285714286	1117	1063.14285714286	0.08952551477171	0.012789359253102	34.2857142857143	1	35.2857142857143	1158	1117	1117
05/28/20 00:00	0	1325	31	1	32	170	-20	0	892	96	0	0.012789359253102	0.142857142857143	0	0.142857142857143	1046	1325	1046	0	0.012789359253102	31.2857142857143	1	32.2857142857143	1158	#DIV/0!	#DIV/0!
05/29/20 00:00	0	1175	25	1	26	159	-11	0	902	97	0	0.012789359253102	0.142857142857143	1	0.142857142857143	1054.85714285714	1175	1054.85714285714	0	0.012789359253102	28.1428571428571	1	29.1428571428571	1158	#DIV/0!	#DIV/0!
05/30/20 00:00	0	1203	23	1	24	151	-8	0	910	97	0	0.012789359253102	0.142857142857143	0	0.142857142857143	1014.71428571429	1203	1023.42857142857	0	0.012789359253102	25.1428571428571	1	26.1428571428571	1158	#DIV/0!	#DIV/0!
05/31/20 00:00	0	940	22	1	23	144	-7	0	917	97	0	0.012789359253102	0	0	0.142857142857143	943.714285714286	940	943.714285714286	0	0	23	0.857142857142857	23.8571428571429	1158	#DIV/0!	#DIV/0!
06/01/20 00:00	0	618	20	1	21	135	-9	0	926	97	0	0	0	0	0.142857142857143	873.714285714286	618	873.714285714286	0	0	21.2857142857143	0.714285714285714	22	1158	#DIV/0!	#DIV/0!
06/02/20 00:00	0	725	20	1	21	112	-23	0	949	97	0	0	0.142857142857143	0	0	865	786	893.142857142857	0	0.01089680723548	20.2857142857143	0.571428571428571	20.8571428571429	1158	#DIV/0!	#DIV/0!
06/03/20 00:00	0	620	20	0	20	110	-2	0	951	97	0	0.012823800974609	0.142857142857143	0	0	850.857142857143	559	879	0	0.01089680723548	19.5714285714286	0.428571428571429	20	1158	#DIV/0!	#DIV/0!
06/04/20 00:00	0	835	19	0	19	102	-8	0	959	97	0	0.012823800974609	0.142857142857143	0	0	838.285714285714	835	866.428571428571	0	0.01089680723548	19	0.285714285714286	19.2857142857143	1158	#DIV/0!	#DIV/0!
06/05/20 00:00	0.089766606822262	1114	18	0	18	97	-5	1	965	97	1	0.012823800974609	0.142857142857143	0	0	801.285714285714	1311	829.428571428571	0.07627765064836	0.01089680723548	18.7142857142857	0.142857142857143	18.8571428571429	1159	1114	1311
06/06/20 00:00	0	1104	18	0	18	91	-6	0	971	97	0	0.012823800974609	0.142857142857143	0	0	799.857142857143	1104	819.285714285714	0	0.01089680723548	18.4285714285714	0	18.4285714285714	1159	#DIV/0!	#DIV/0!
06/07/20 00:00	0	852	18	0	18	91	0	0	971	97	0	0.012823800974609	0.142857142857143	0	0	848.142857142857	852	876.285714285714	0	0.01089680723548	18.1428571428571	0	18.1428571428571	1159	#DIV/0!	#DIV/0!
06/08/20 00:00	0	359	18	0	18	77	-14	0	985	97	0	0.012823800974609	0.428571428571429	0	0	850.428571428571	359	878.571428571429	0	0.044470753852905	17.7142857142857	0.142857142857143	17.8571428571429	1159	#DIV/0!	#DIV/0!
06/09/20 00:00	0	715	18	0	18	68	-9	0	994	97	0	0.046397747592034	0.285714285714286	0	0	839.571428571429	715	839.571428571429	0	0.033573946617425	17.4285714285714	0.285714285714286	17.7142857142857	1159	#DIV/0!	#DIV/0!
06/10/20 00:00	0	958	18	0	18	54	-14	0	1008	97	0	0.033573946617425	0.428571428571429	0	0	852.142857142857	958	852.142857142857	0	0.045558606253091	17	0.428571428571429	17.4285714285714	1159	#DIV/0!	#DIV/0!
06/11/20 00:00	0.235017626321974	851	16	1	17	52	-2	2	1012	97	2	0.045558606253091	0.428571428571429	0	0	834.142857142857	851	834.142857142857	0.235017626321974	0.045558606253091	16.5714285714286	0.571428571428571	17.1428571428571	1161	425.5	425.5
06/12/20 00:00	0	1038	16	1	17	47	-5	0	1017	97	0	0.045558606253091	0.428571428571429	0	0	841.571428571429	1038	841.571428571429	0	0.045558606253091	16.4285714285714	0.714285714285714	17.1428571428571	1161	#DIV/0!	#DIV/0!
06/13/20 00:00	0.083892617449665	1192	15	1	16	45	-2	1	1020	97	1	0.045558606253091	0.428571428571429	0	0	866.428571428571	1192	866.428571428571	0.083892617449665	0.045558606253091	16.4285714285714	0.714285714285714	17.1428571428571	1162	1192	1192
06/14/20 00:00	0	726	15	1	16	44	-1	0	1021	97	0	0.045558606253091	0.428571428571429	0	0	870.142857142857	726	870.142857142857	0	0.045558606253091	16.4285714285714	0.714285714285714	17.1428571428571	1162	#DIV/0!	#DIV/0!
06/15/20 00:00	0	411	17	1	18	37	-7	0	1028	97	0	0.045558606253091	0.571428571428571	0	0	885.285714285714	411	886.857142857143	0	0.056258567545938	16.7142857142857	0.571428571428571	17.2857142857143	1162	#DIV/0!	#DIV/0!
06/16/20 00:00	0	889	18	0	18	36	-1	0	1029	97	0	0.056767463039159	0.571428571428571	0	0	887.142857142857	889	888.714285714286	0	0.056258567545938	17	0.428571428571429	17.4285714285714	1162	#DIV/0!	#DIV/0!
06/17/20 00:00	0	984	18	0	18	33	-3	0	1032	97	0	0.056767463039159	0.857142857142857	0	0	862.428571428571	984	864	0	0.072312601307159	17.4285714285714	0.285714285714286	17.7142857142857	1162	#DIV/0!	#DIV/0!
06/18/20 00:00	0.313479623824451	957	18	0	18	35	2	3	1033	97	3	0.072821496800381	1.71428571428571	0	0	850.571428571429	968	852.142857142857	0.309917355371901	0.205616311593762	17.7142857142857	0.142857142857143	17.8571428571429	1165	319	322.666666666667
06/19/20 00:00	0	1051	18	0	18	34	-1	0	1034	97	0	0.206125207086984	1.85714285714286	0	0	854.285714285714	1051	855.857142857143	0	0.238306733300202	17.4285714285714	0	17.4285714285714	1165	#DIV/0!	#DIV/0!
06/20/20 00:00	0.196270853778214	1019	18	0	18	30	-4	3	1040	97	2	0.238815628793424	2	0	0	849.285714285714	1019	851.571428571429	0.196270853778214	0.254937366927343	16.1428571428571	0	16.1428571428571	1167	509.5	509.5
06/21/20 00:00	0.933125972006221	643	17	0	17	36	6	6	1040	97	6	0.255543631469904	2	0	0	856.714285714286	643	860.714285714286	0.933125972006221	0.254937366927343	14.8571428571429	0	14.8571428571429	1173	107.166666666667	107.166666666667
06/22/20 00:00	0.22883295194508	437	15	0	15	33	-3	1	1044	97	1	0.255543631469904	1.57142857142857	0	0	865.857142857143	437	868.285714285714	0.22883295194508	0.210663459017072	13.7142857142857	0	13.7142857142857	1174	437	437
06/23/20 00:00	0.117096018735363	854	9	0	9	28	-5	1	1050	97	1	0.210760828066411	2	0	0	882.142857142857	859	884.571428571429	0.116414435389988	0.247450706104748	12.4285714285714	0	12.4285714285714	1175	854	859
06/24/20 00:00	0	1036	9	0	9	28	0	0	1050	97	0	0.247548075154087	1.71428571428571	0	0	868.571428571429	1048	878.142857142857	0	0.234079070496068	11.1428571428571	0	11.1428571428571	1175	#DIV/0!	#DIV/0!
06/25/20 00:00	0	1021	10	0	10	28	0	0	1050	97	0	0.234970111503644	1	0	0	845.285714285714	1021	847.714285714286	0	0.133997951571591	9.28571428571429	0	9.28571428571429	1175	#DIV/0!	#DIV/0!
06/26/20 00:00	0.257510729613734	1165	9	0	9	30	2	3	1051	97	3	0.131428305978946	0.857142857142857	0	0	828.285714285714	1165	830.714285714286	0.257510729613734	0.101307529865151	7.71428571428571	0	7.71428571428571	1178	388.333333333333	388.333333333333
06/27/20 00:00	0.108225108225108	924	9	0	9	31	1	1	1051	97	1	0.098737884272506	0.857142857142857	0	0	838.285714285714	974	840	0.102669404517454	0.100137625984454	7	0	7	1179	500	974
06/28/20 00:00	0.208333333333333	480	4	0	4	26	-5	1	1057	97	1	0.097470611342469	0.857142857142857	0	0	809.142857142857	430	809.142857142857	0.232558139534884	0.100137625984454	6.28571428571429	0	6.28571428571429	1180	500	430
06/29/20 00:00	0	318	4	0	4	26	0	0	1057	97	0	0.097470611342469	0.857142857142857	0	0	804.428571428571	318	804.428571428571	0	0.100137625984454	5.42857142857143	0	5.42857142857143	1180	500	#DIV/0!
06/30/20 00:00	0.108225108225108	924	4	0	4	27	1	1	1057	97	1	0.097470611342469	0.571428571428571	0	0	772	924	772	0.108225108225108	0.078580351482827	4.71428571428571	0	4.71428571428571	1181	924	924
07/01/20 00:00	0	832	4	0	4	26	-1	0	1058	97	0	0.075913336840842	0.571428571428571	0	0	794.857142857143	832	787.714285714286	0	0.077091996910223	3.85714285714286	0	3.85714285714286	1181	#DIV/0!	#DIV/0!
07/02/20 00:00	0	988	4	0	4	25	-1	0	1059	97	0	0.073631310310002	0.428571428571429	0	0	802.142857142857	988	802.142857142857	0	0.043869405548097	3.71428571428571	0	3.71428571428571	1181	#DIV/0!	#DIV/0!
07/03/20 00:00	0.106609808102345	938	4	0	4	25	0	1	1060	97	1	0.043869405548097	0.428571428571429	0	0	790.714285714286	938	790.714285714286	0.106609808102345	0.043869405548097	3.71428571428571	0	3.71428571428571	1182	938	938
07/04/20 00:00	0.092250922509225	1084	3	0	3	26	1	1	1060	97	1	0.043869405548097	0.428571428571429	0	0	806.142857142857	1084	806.142857142857	0.092250922509225	0.042251422202539	3.71428571428571	0	3.71428571428571	1183	1084	1084
07/05/20 00:00	0	531	3	0	3	26	0	0	1060	97	0	0.042251422202539	0.571428571428571	0	0	816.571428571429	531	816.571428571429	0	0.058036741855262	3.71428571428571	0	3.71428571428571	1183	#DIV/0!	#DIV/0!
07/06/20 00:00	0	238	4	0	4	26	0	0	1060	97	0	0.058036741855262	0.571428571428571	0	0	810.142857142857	238	810.142857142857	0	0.058036741855262	3.71428571428571	0	3.71428571428571	1183	#DIV/0!	#DIV/0!
07/07/20 00:00	0.096899224806202	1032	4	0	4	27	1	1	1060	97	1	0.058036741855262	0.571428571428571	0	0	818.571428571429	1032	818.571428571429	0.096899224806202	0.057135469656087	3.71428571428571	0	3.71428571428571	1184	1032	1032
07/08/20 00:00	0.110497237569061	905	4	0	4	28	1	1	1060	97	1	0.057135469656087	0.714285714285714	0	0	791.285714285714	905	791.285714285714	0.110497237569061	0.075951647259553	3.85714285714286	0	3.85714285714286	1185	905	905
07/09/20 00:00	0	943	4	0	4	28	0	0	1060	97	0	0.075951647259553	4.71428571428571	0	0	795.285714285714	943	795.285714285714	0	0.791515153520733	4	0	4	1185	#DIV/0!	#DIV/0!
07/10/20 00:00	0.100300902708124	997	4	0	4	27	-1	1	1062	97	1	0.791515153520733	4.71428571428571	0	0	801.428571428571	997	801.428571428571	0.100300902708124	0.791515153520733	4	0	4	1186	997	997
07/11/20 00:00	0.223964165733483	893	4	0	4	29	2	2	1062	97	2	0.791515153520733	4.57142857142857	0	0	777	893	777	0.223964165733483	0.777672407119847	4.14285714285714	0	4.14285714285714	1188	446.5	446.5
07/12/20 00:00	5.00894454382827	559	4	0	4	57	28	28	1062	97	28	0.777672407119847	4.71428571428571	0	0	759	559	759	5.00894454382827	0.798564145967033	4.28571428571429	0	4.28571428571429	1216	19.9642857142857	19.9642857142857
07/13/20 00:00	0	281	4	0	4	57	0	0	1062	97	0	0.798564145967033	5.85714285714286	0	0	752.428571428571	281	752.428571428571	0	0.92597296902803	4.42857142857143	0	4.42857142857143	1216	#DIV/0!	#DIV/0!
07/14/20 00:00	0	861	5	0	5	57	0	0	1062	97	0	0.92597296902803	6.42857142857143	0	0	732.714285714286	861	732.714285714286	0	0.994797436776861	4.71428571428571	0	4.71428571428571	1216	#DIV/0!	#DIV/0!
07/15/20 00:00	0.256739409499358	779	5	0	5	59	2	2	1062	97	2	0.994797436776861	7.14285714285714	0	0	740	779	740	0.256739409499358	1.06873475934762	4.85714285714286	0	4.85714285714286	1218	389.5	389.5
07/16/20 00:00	0.891861761426979	897	5	0	5	65	6	8	1064	97	8	1.06873475934762	3.28571428571429	0	0	778.714285714286	897	778.714285714286	0.891861761426979	0.370382957045134	4.85714285714286	0	4.85714285714286	1226	112.125	112.125
07/17/20 00:00	0.582072176949942	859	6	0	6	69	4	5	1065	97	5	0.370382957045134	3.28571428571429	0	0	763.142857142857	859	763.142857142857	0.582072176949942	0.370382957045134	4.71428571428571	0	4.71428571428571	1231	171.8	171.8
07/18/20 00:00	0.741525423728814	944	5	0	5	75	6	7	1066	97	7	0.370382957045134	3.28571428571429	0	0	774.857142857143	944	774.857142857143	0.741525423728814	0.370382957045134	4.42857142857143	0	4.42857142857143	1238	134.857142857143	134.857142857143
07/19/20 00:00	0.120481927710843	830	4	0	4	72	-3	1	1070	97	1	0.370382957045134	3.57142857142857	0	0	813.428571428572	830	813.428571428572	0.120481927710843	0.388179546917825	4.14285714285714	0	4.14285714285714	1239	830	830
07/20/20 00:00	0	172	3	0	3	71	-1	0	1071	97	0	0.388179546917825	2.71428571428571	0	0	848.428571428572	172	848.428571428572	0	0.285789487929883	3.85714285714286	0	3.85714285714286	1239	#DIV/0!	#DIV/0!
07/21/20 00:00	0	943	3	0	3	71	0	0	1071	97	0	0.285789487929883	2.14285714285714	0	0	865.571428571429	943	865.571428571429	0	0.217228469217787	3.42857142857143	0	3.42857142857143	1239	#DIV/0!	#DIV/0!
07/22/20 00:00	0.381315538608198	1049	3	0	3	75	4	4	1071	97	4	0.217228469217787	1.28571428571429	0	0	866.285714285714	1049	866.285714285714	0.381315538608198	0.126349705538931	3.14285714285714	0	3.14285714285714	1243	262.25	262.25
07/23/20 00:00	0.175131348511384	1142	3	0	3	77	2	2	1071	97	2	0.126349705538931	1.14285714285714	0	0	872.142857142857	1142	872.142857142857	0.175131348511384	0.109138001580239	3	0	3	1245	571	571
07/24/20 00:00	0.102145045965271	979	3	0	3	78	1	1	1071	97	1	0.109138001580239	1.14285714285714	0	0	876.142857142857	979	876.142857142857	0.102145045965271	0.109138001580239	3	0	3	1246	979	979
07/25/20 00:00	0.105374077976818	949	3	0	3	79	1	1	1071	97	1	0.109138001580239	1.85714285714286	0	0	872.285714285714	949	872.285714285714	0.105374077976818	0.187116791349421	3	0	3	1247	949	949
07/26/20 00:00	0	871	3	0	3	79	0	0	1071	97	0	0.187116791349421	1.71428571428571	0	0	849	871	849	0	0.181014636043574	3	0	3	1247	#DIV/0!	#DIV/0!
07/27/20 00:00	0	200	3	0	3	78	-1	0	1072	97	0	0.181014636043574	2.42857142857143	0	0	845.571428571429	200	845.571428571429	0	0.245441310253167	3	0.142857142857143	3.14285714285714	1247	#DIV/0!	#DIV/0!
07/28/20 00:00	0.545851528384279	916	3	0	3	83	5	5	1072	97	5	0.245441310253167	2.85714285714286	0	0	842.571428571429	916	842.571428571429	0.545851528384279	0.290497237179095	3	0.285714285714286	3.28571428571429	1252	183.2	183.2
07/29/20 00:00	0.338600451467269	886	3	0	3	86	3	3	1072	97	3	0.290497237179095	3.14285714285714	0	0	869.142857142857	886	869.142857142857	0.338600451467269	0.313203394699084	3.14285714285714	0.428571428571429	3.57142857142857	1255	295.333333333333	295.333333333333
07/30/20 00:00	0.626118067978533	1118	3	1	4	93	7	7	1072	97	7	0.313203394699084	3.28571428571429	0	0	824.571428571429	1118	824.571428571429	0.626118067978533	0.338759234208411	3.42857142857143	0.571428571428571	4	1262	159.714285714286	159.714285714286
07/31/20 00:00	0.417536534446764	958	3	1	4	97	4	4	1072	97	4	0.338759234208411	3.28571428571429	0	0	830.142857142857	958	830.142857142857	0.417536534446764	0.338759234208411	3.71428571428571	0.714285714285714	4.42857142857143	1266	239.5	239.5
08/01/20 00:00	0.26431718061674	1135	4	1	5	97	0	3	1075	97	3	0.338759234208411	2.85714285714286	0	0	823.142857142857	1135	823.142857142857	0.26431718061674	0.293734802653102	4.14285714285714	0.857142857142857	5	1269	378.333333333333	378.333333333333
08/02/20 00:00	0.178890876565295	559	5	1	6	98	1	1	1075	97	1	0.293734802653102	2.71428571428571	0	0	847.714285714286	559	847.714285714286	0.178890876565295	0.272368440561235	4.57142857142857	1	5.57142857142857	1270	559	559
08/03/20 00:00	0	239	5	1	6	98	0	0	1075	97	0	0.272368440561235	2	0	0	811.857142857143	239	811.857142857143	0	0.215877360492461	5.14285714285714	1	6.14285714285714	1270	#DIV/0!	#DIV/0!
08/04/20 00:00	0.230680507497116	867	6	1	7	99	1	2	1076	97	2	0.215877360492461	2.42857142857143	0	0	823.714285714286	867	823.714285714286	0.230680507497116	0.252290763489705	5.71428571428571	1	6.71428571428571	1272	433.5	433.5
08/05/20 00:00	0.189035916824197	1058	6	1	7	101	2	2	1076	97	2	0.252290763489705	2.57142857142857	0	0	786.571428571429	1058	786.571428571429	0.189035916824197	0.279837288707722	6.42857142857143	1	7.42857142857143	1274	529	529
08/06/20 00:00	0.230680507497116	867	7	1	8	91	-10	2	1088	97	2	0.279837288707722	2.42857142857143	0	0	785.857142857143	867	785.857142857143	0.230680507497116	0.254281449198394	7	1	8	1276	433.5	433.5
08/07/20 00:00	0.672430355427474	1041	7	1	8	97	6	7	1089	97	7	0.254281449198394	2.71428571428571	0	0	798.428571428572	1041	798.428571428572	0.672430355427474	0.341655848499399	7.42857142857143	1	8.42857142857143	1283	148.714285714286	148.714285714286
08/08/20 00:00	0.457142857142857	875	9	1	10	101	4	4	1089	97	4	0.341655848499399	4	0	0	809.714285714286	875	809.714285714286	0.457142857142857	0.474814447096157	7.71428571428571	1	8.71428571428571	1287	218.75	218.75
08/09/20 00:00	0	554	9	1	10	100	-1	0	1090	97	0	0.474814447096157	4.28571428571429	0	0	814.571428571429	554	814.571428571429	0	0.500137939878467	8	1	9	1287	#DIV/0!	#DIV/0!
08/10/20 00:00	0.611620795107034	327	8	1	9	101	1	2	1091	97	2	0.500137939878467	5.71428571428571	0	0	857	327	857.142857142857	0.611620795107034	0.614332570015298	8.14285714285714	1	9.14285714285714	1289	163.5	163.5
08/11/20 00:00	1.16279069767442	946	8	1	9	112	11	11	1091	97	11	0.614458986671956	7.42857142857143	0	0	877.571428571429	946	877.571428571429	1.16279069767442	0.74751819491562	8.14285714285714	1	9.14285714285714	1300	86	86
08/12/20 00:00	0.366300366300366	1092	8	1	9	110	-2	4	1097	97	4	0.74745115410034	8.28571428571429	0	0	965	1092	965	0.366300366300366	0.778282780507759	8	1	9	1304	273	273
08/13/20 00:00	1.03092783505155	1164	8	1	9	119	9	12	1100	97	12	0.778215739692479	8.71428571428571	0	0	1125.28571428571	1165	1125.28571428571	1.03004291845494	0.803853868131352	8	1	9	1316	97	97.0833333333333
08/14/20 00:00	1.60337552742616	1185	7	1	8	133	14	19	1105	97	19	0.803786827316073	9	0	0	1202	1184	1202	1.60472972972973	0.782617034967914	8	1	9	1335	62.3684210526316	62.3157894736842
08/15/20 00:00	0.672494956287828	1487	8	1	9	143	10	10	1105	97	10	0.782549994152634	8.14285714285714	0	0	1277.42857142857	1487	1277.42857142857	0.672494956287828	0.664963081840167	8.28571428571429	1	9.28571428571429	1345	148.7	148.7
08/16/20 00:00	0.178997613365155	1676	9	1	10	146	3	3	1105	97	3	0.664896041024887	9	0	0	1338	1676	1338	0.178997613365155	0.706867401920137	8.57142857142857	1	9.57142857142857	1348	558.666666666667	558.666666666667
08/17/20 00:00	0.462962962962963	864	8	1	9	149	3	4	1106	97	4	0.706800361104857	8.71428571428571	0	0	1379.14285714286	864	1379	0.462962962962963	0.658104875592257	9	1	10	1352	216	216
08/18/20 00:00	0.33921302578019	1474	10	1	11	154	5	5	1106	97	5	0.657911418120319	6.28571428571429	0	0	1401.28571428571	1474	1401.28571428571	0.33921302578019	0.450179732965623	9.57142857142857	1	10.5714285714286	1357	294.8	294.8
08/19/20 00:00	0.659630606860158	1516	10	1	11	150	-4	10	1120	97	10	0.450179732965623	6.42857142857143	0	0	1380.57142857143	1516	1380.57142857143	0.659630606860158	0.471205043659867	10	1	11	1367	151.6	151.6
08/20/20 00:00	0.68870523415978	1452	11	1	12	151	1	10	1129	97	10	0.471205043659867	7.14285714285714	0	0	1310.28571428571	1452	1310.28571428571	0.68870523415978	0.54215905256137	10.2857142857143	1	11.2857142857143	1377	145.2	145.2
08/21/20 00:00	0.149253731343284	1340	11	1	12	153	2	2	1129	97	2	0.54215905256137	6.85714285714286	0	0	1368.85714285714	1340	1368.28571428571	0.149253731343284	0.498518674275323	11	1	12	1379	670	670
08/22/20 00:00	0.819672131147541	1342	11	1	12	158	5	11	1135	97	11	0.498448039462602	7.28571428571429	0	0	1366.57142857143	1342	1366.57142857143	0.819672131147541	0.528230473797441	11.5714285714286	1	12.5714285714286	1390	122	122
08/23/20 00:00	0.675675675675676	1184	11	1	12	166	8	8	1135	97	8	0.528374299350166	7	0	0	1324.85714285714	1184	1324.85714285714	0.675675675675676	0.527368211566251	12.1428571428571	0.857142857142857	13	1398	148	148
08/24/20 00:00	0.156985871271586	1274	13	1	14	167	1	2	1136	97	2	0.527512037118977	6.42857142857143	0	0	1346.57142857143	1270	1346.57142857143	0.15748031496063	0.482419583529888	12.5714285714286	0.714285714285714	13.2857142857143	1400	637	635
08/25/20 00:00	0.548696844993141	1458	14	1	15	170	3	8	1141	97	8	0.482563409082613	7.57142857142857	0	0	1374.85714285714	1462	1374.85714285714	0.547195622435021	0.55398263026907	13	0.571428571428571	13.5714285714286	1408	182.25	182.75
08/26/20 00:00	0.65359477124183	1224	14	0	14	173	3	8	1146	97	8	0.554126455821795	7.57142857142857	0	0	1401.71428571429	1224	1401.71428571429	0.65359477124183	0.53959436130028	13.8571428571429	0.428571428571429	14.2857142857143	1416	153	153
08/27/20 00:00	0.374064837905237	1604	14	0	14	179	6	6	1146	97	6	0.539738186853005	11.2857142857143	0	0	1429.57142857143	1604	1429.57142857143	0.374064837905237	0.795291371892142	14.7142857142857	0.285714285714286	15	1422	267.333333333333	267.333333333333
08/28/20 00:00	0.650195058517555	1538	14	0	14	189	10	10	1146	97	10	0.795435197444867	13	0	0	1379.85714285714	1538	1380.42857142857	0.650195058517555	0.988776905422913	15.8571428571429	0.142857142857143	16	1432	153.8	153.8
08/29/20 00:00	0.718954248366013	1530	17	0	17	198	9	11	1148	97	11	0.988991365788359	15	0	0	1394	1530	1383.71428571429	0.718954248366013	1.12224631385812	17	0	17	1443	139.090909090909	139.090909090909
08/30/20 00:00	2.46555474981871	1379	17	0	17	232	34	34	1148	97	34	1.11245948326204	18.4285714285714	0	0	1472.28571428571	1379	1462	2.46555474981871	1.28685692860816	18	0	18	1477	40.5588235294118	40.5588235294118
08/31/20 00:00	1.51187904967603	926	21	0	21	245	13	14	1149	97	14	1.27707009801208	19.4285714285714	0	0	1476	926	1465.71428571429	1.51187904967603	1.34735423923169	18.8571428571429	0.142857142857143	19	1491	66.1428571428572	66.1428571428572
09/01/20 00:00	1.41297366730893	1557	22	0	22	266	21	22	1150	97	22	1.33756740863561	20.7142857142857	0	0	1496.85714285714	1485	1486.57142857143	1.48148148148148	1.41565009276549	19.5714285714286	0.285714285714286	19.8571428571429	1513	70.7727272727273	67.5
09/02/20 00:00	1.8058690744921	1772	21	0	21	290	24	32	1158	97	32	1.40586326216941	21.8571428571429	0	0.142857142857143	1557.42857142857	1772	1547.14285714286	1.8058690744921	1.45185154024998	20	0.285714285714286	20.2857142857143	1545	55.375	55.375
09/03/20 00:00	0.797546012269939	1630	20	1	21	294	4	13	1167	97	13	1.4420647096539	20.8571428571429	0	0.142857142857143	1575.85714285714	1630	1565.57142857143	0.797546012269939	1.35540813718758	21.1428571428571	0.285714285714286	21.4285714285714	1558	125.384615384615	125.384615384615
09/04/20 00:00	1.12826603325416	1684	19	1	20	313	19	19	1167	97	19	1.3456213065915	21.2857142857143	0	0.142857142857143	1532.14285714286	1684	1521.85714285714	1.12826603325416	1.53113048492972	22.2857142857143	0.428571428571429	22.7142857142857	1577	88.6315789473684	88.6315789473684
09/05/20 00:00	0.972364380757421	1954	20	0	20	325	12	19	1173	98	19	1.52134365433364	19.2857142857143	1	0.142857142857143	1476.57142857143	1954	1476.57142857143	0.972364380757421	1.41733763141084	23.2857142857143	0.571428571428571	23.8571428571429	1596	102.842105263158	102.842105263158
09/06/20 00:00	1.79045092838196	1508	25	0	25	349	24	27	1176	98	27	1.41733763141084	17.4285714285714	0	0.142857142857143	1434.57142857143	1508	1434.57142857143	1.79045092838196	1.34300218852476	24.1428571428571	0.857142857142857	25	1623	55.8518518518519	55.8518518518519
09/07/20 00:00	2.74193548387097	620	29	1	30	355	6	17	1187	98	17	1.34300218852476	16.7142857142857	0	0.142857142857143	1401	620	1401	2.74193548387097	1.31099228713034	25.2857142857143	1.14285714285714	26.4285714285714	1640	36.4705882352941	36.4705882352941
09/08/20 00:00	0.684931506849315	1168	29	1	30	356	1	8	1194	98	8	1.31099228713034	15.1428571428571	0	0.142857142857143	1384.57142857143	1168	1384.57142857143	0.684931506849315	1.22265126863122	26.5714285714286	1.42857142857143	28	1648	146	146
09/09/20 00:00	1.28552097428958	1478	27	2	29	362	6	19	1207	98	19	1.22265126863122	15	0	0	1324	1478	1324	1.28552097428958	1.25180929827092	27.7142857142857	1.85714285714286	29.5714285714286	1667	77.7894736842105	77.7894736842105
09/10/20 00:00	0.573476702508961	1395	28	3	31	370	8	8	1207	98	8	1.25180929827092	13.1428571428571	0	0	1296.42857142857	1395	1296.42857142857	0.573476702508961	1.14812184896921	28.2857142857143	2.28571428571429	30.5714285714286	1675	174.375	174.375
09/11/20 00:00	0.509878903760357	1569	28	3	31	370	0	8	1215	98	8	1.14812184896921	11.1428571428571	0	0	1304.14285714286	1569	1304.14285714286	0.509878903760357	0.820003045211462	28.2857142857143	2.42857142857143	30.7142857142857	1683	196.125	196.125
09/12/20 00:00	1.17647058823529	1530	28	3	31	388	18	18	1215	98	18	0.820003045211462	10.5714285714286	0	0	1306.57142857143	1530	1306.57142857143	1.17647058823529	0.770377507463851	28.5714285714286	2.57142857142857	31.1428571428571	1701	85	85
09/13/20 00:00	1.06463878326996	1315	29	3	32	395	7	14	1222	98	14	0.770377507463851	10.5714285714286	0	0	1333.85714285714	1315	1333.85714285714	1.06463878326996	0.749361115604798	28.7142857142857	2.57142857142857	31.2857142857143	1715	93.9285714285714	93.9285714285714
09/14/20 00:00	0.445103857566766	674	29	2	31	375	-20	3	1245	98	3	0.749361115604798	11.7142857142857	0	0	1398.14285714286	674	1398.14285714286	0.445103857566766	0.791322825544478	28.4285714285714	2.71428571428571	31.1428571428571	1718	224.666666666667	224.666666666667
09/15/20 00:00	0.337552742616034	1185	31	2	33	374	-1	4	1250	98	4	0.791322825544478	14.5714285714286	0	0	1427.85714285714	1185	1427.85714285714	0.337552742616034	0.943581462735398	27.8571428571429	2.85714285714286	30.7142857142857	1722	296.25	296.25
09/16/20 00:00	1.13840623127621	1669	28	2	30	389	15	19	1254	98	19	0.943581462735398	15.5714285714286	0	0	1477.85714285714	1669	1477.85714285714	1.13840623127621	0.965483840707863	27.7142857142857	3	30.7142857142857	1741	87.8421052631579	87.8421052631579
09/17/20 00:00	0.867208672086721	1845	26	4	30	405	16	16	1254	98	16	0.965483840707863	16.7142857142857	0	0	1523.14285714286	1845	1523.14285714286	0.867208672086721	1.00596961676734	27.8571428571429	3.14285714285714	31	1757	115.3125	115.3125
09/18/20 00:00	1.57568936409679	1777	24	4	28	421	16	28	1266	98	28	1.00596961676734	18	0	0	1558.28571428571	1777	1558.28571428571	1.57568936409679	1.12871875512736	28	3.42857142857143	31.4285714285714	1785	63.4642857142857	63.4642857142857
09/19/20 00:00	1.32978723404255	1880	27	4	31	445	24	25	1267	98	25	1.12871875512736	20.8571428571429	0	0	1607.71428571429	1880	1607.71428571429	1.32978723404255	1.30444020245916	27.7142857142857	3.71428571428571	31.4285714285714	1810	75.2	75.2
09/20/20 00:00	1.34803921568627	1632	30	4	34	461	16	22	1273	98	22	1.30444020245916	20.8571428571429	0	0	1639.71428571429	1632	1639.71428571429	1.34803921568627	1.28519614572338	27.5714285714286	4	31.5714285714286	1832	74.1818181818182	74.1818181818182
09/21/20 00:00	1.30434782608696	920	30	4	34	468	7	12	1278	98	12	1.28519614572338	19.8571428571429	0	0	1639.28571428571	920	1639.28571428571	1.30434782608696	1.23110909950159	28	4	32	1844	76.6666666666667	76.6666666666667
09/22/20 00:00	1.5676028739386	1531	29	4	33	490	22	24	1280	98	24	1.23110909950159	17.2857142857143	0	0	1658	1531	1658	1.5676028739386	1.08088333529848	29.1428571428571	3.85714285714286	33	1868	63.7916666666667	63.7916666666667
09/23/20 00:00	1.00369783412573	1893	27	4	31	505	15	19	1284	98	19	1.08088333529848	15.8571428571429	0	0.285714285714286	1641.42857142857	1893	1641.42857142857	1.00369783412573	1.01239089272875	29.5714285714286	3.57142857142857	33.1428571428571	1887	99.6315789473684	99.6315789473684
09/24/20 00:00	0.488599348534202	1842	29	4	33	500	-5	9	1298	98	9	1.01239089272875	17.1428571428571	0	0.285714285714286	1675.42857142857	1842	1675.42857142857	0.488599348534202	1.05663586344431	30.2857142857143	3.28571428571429	33.5714285714286	1896	204.666666666667	204.666666666667
09/25/20 00:00	0.524109014675052	1908	32	3	35	508	8	10	1300	98	10	1.05663586344431	16.1428571428571	0	0.285714285714286	1683.28571428571	1908	1683.28571428571	0.524109014675052	0.943560532977672	31.1428571428571	3	34.1428571428571	1906	190.8	190.8
09/26/20 00:00	0.850340136054422	1764	30	2	32	513	5	15	1308	100	15	0.943560532977672	14.1428571428571	2	0.285714285714286	1662.71428571429	1764	1662.71428571429	0.850340136054422	0.822614484347243	31.8571428571429	2.71428571428571	34.5714285714286	1921	117.6	117.6
09/27/20 00:00	1.65775401069519	1870	35	2	37	544	31	31	1308	100	31	0.822614484347243	14	0	0.285714285714286	1663.28571428571	1870	1663.28571428571	1.65775401069519	0.814781455404061	32.7142857142857	2.42857142857143	35.1428571428571	1952	60.3225806451613	60.3225806451613
09/28/20 00:00	0.512820512820513	975	36	2	38	546	2	5	1311	100	5	0.814781455404061	15.1428571428571	0	0.285714285714286	1681.85714285714	975	1681.85714285714	0.512820512820513	0.86813425783021	33.1428571428571	2.14285714285714	35.2857142857143	1957	195	195
09/29/20 00:00	0.720980533525595	1387	34	2	36	544	-2	10	1323	100	10	0.86813425783021	16.2857142857143	0	0.285714285714286	1658.14285714286	1387	1658.14285714286	0.720980533525595	0.940875121897461	33.4285714285714	1.85714285714286	35.2857142857143	1967	138.7	138.7
09/30/20 00:00	0.948866631523458	1897	33	2	35	555	11	18	1330	100	18	0.940875121897461	17.5714285714286	0	0	1677.85714285714	1897	1677.85714285714	0.948866631523458	0.999659338603521	34.2857142857143	1.85714285714286	36.1428571428571	1985	105.388888888889	105.388888888889
10/01/20 00:00	0.862068965517241	1972	32	2	34	537	-18	17	1365	100	17	0.999659338603521	15.8571428571429	0	0.142857142857143	1667.28571428571	1972	1667.28571428571	0.862068965517241	0.913966831189541	34.4285714285714	1.85714285714286	36.2857142857143	2002	116	116
10/02/20 00:00	1.03329506314581	1742	34	1	35	538	1	18	1382	100	18	0.913966831189541	18.4285714285714	0	0.142857142857143	1722.28571428571	1742	1722.28571428571	1.03329506314581	1.08230339658493	34.5714285714286	1.85714285714286	36.4285714285714	2020	96.7777777777778	96.7777777777778
10/03/20 00:00	1.26182965299685	1902	36	2	38	558	20	24	1386	100	24	1.08230339658493	20.2857142857143	0	0.285714285714286	1793	1902	1793	1.26182965299685	1.15389248387086	35.1428571428571	1.71428571428571	36.8571428571429	2044	79.25	79.25
10/04/20 00:00	1.05790645879733	1796	36	2	38	575	17	19	1387	101	19	1.15389248387086	20	1	0.285714285714286	1807.85714285714	1796	1807.85714285714	1.05790645879733	1.13256870792466	35.7142857142857	1.57142857142857	37.2857142857143	2063	94.5263157894737	94.5263157894737
10/05/20 00:00	1.69117647058824	1360	37	2	39	583	8	23	1402	101	23	1.13256870792466	20.5714285714286	0	0.285714285714286	1798.28571428571	1360	1798.28571428571	1.69117647058824	1.16689631352568	36.7142857142857	1.42857142857143	38.1428571428571	2086	59.1304347826087	59.1304347826087
10/06/20 00:00	1.2221041445271	1882	38	1	39	585	2	23	1422	102	23	1.16689631352568	24	1	0.428571428571429	1857.57142857143	1882	1857.57142857143	1.2221041445271	1.29744684990521	37.8571428571429	1.42857142857143	39.2857142857143	2109	81.8260869565217	81.8260869565217
10/07/20 00:00	0.79960019990005	2001	37	1	38	591	6	16	1432	102	16	1.29744684990521	30.2857142857143	0	0.428571428571429	1949.42857142857	2001	1949.42857142857	0.79960019990005	1.49888628482651	38.5714285714286	1.28571428571429	39.8571428571429	2125	125.0625	125.0625
10/08/20 00:00	1.10236220472441	1905	39	1	40	603	12	21	1441	102	21	1.49888628482651	32.5714285714286	0	0.285714285714286	1935.14285714286	1905	1935.14285714286	1.10236220472441	1.64256811146733	39.2857142857143	1.14285714285714	40.4285714285714	2146	90.7142857142857	90.7142857142857
10/09/20 00:00	1.9471488178025	2157	42	1	43	638	35	42	1447	103	42	1.64256811146733	36.8571428571429	1	0.428571428571429	1916.28571428571	2157	1916.28571428571	1.9471488178025	2.01753731739074	40	1	41	2188	51.3571428571429	51.3571428571429
10/10/20 00:00	2.67190569744597	2545	41	1	42	696	58	68	1457	103	68	2.01753731739074	39.8571428571429	0	0.285714285714286	1987.85714285714	2545	1987.85714285714	2.67190569744597	2.10672416611635	40.5714285714286	1	41.5714285714286	2256	37.4264705882353	37.4264705882353
10/11/20 00:00	2.06367924528302	1696	41	1	42	730	34	35	1458	103	35	2.10672416611635	46.1428571428572	0	0.285714285714286	2049.85714285714	1696	2049.85714285714	2.06367924528302	2.34450495304761	41.5714285714286	1	42.5714285714286	2291	48.4571428571429	48.4571428571429
10/12/20 00:00	4.31596091205212	1228	42	1	43	773	43	53	1467	104	53	2.34450495304761	48.7142857142857	1	0.285714285714286	2057.28571428571	1228	2057.28571428571	4.31596091205212	2.47171695139452	43.2857142857143	1.28571428571429	44.5714285714286	2344	23.1698113207547	23.1698113207547
10/13/20 00:00	1.84641208560638	2383	42	1	43	798	25	44	1486	104	44	2.47171695139452	57.2857142857143	0	0.142857142857143	2143.14285714286	2383	2143.14285714286	1.84641208560638	2.72188599524103	44.5714285714286	1.71428571428571	46.2857142857143	2388	54.1590909090909	54.1590909090909
10/14/20 00:00	2.46406570841889	2435	44	1	45	846	48	60	1498	104	60	2.72188599524103	61	0	0.142857142857143	2207.42857142857	2435	2207.71428571429	2.46406570841889	2.78825229605396	47	2.28571428571429	49.2857142857143	2448	40.5833333333333	40.5833333333333
10/15/20 00:00	1.99284619315279	1957	51	3	54	859	13	39	1524	104	39	2.78855150614727	67.1428571428571	0	0.142857142857143	2302.14285714286	1957	2302.14285714286	1.99284619315279	2.96619689990073	49.8571428571429	2.85714285714286	52.7142857142857	2487	50.1794871794872	50.1794871794872
10/16/20 00:00	3.69833212472806	2758	51	4	55	904	45	102	1581	104	102	2.96609529954504	75	0	0	2337.57142857143	2758	2337.57142857143	3.69833212472806	3.39492722256925	53.2857142857143	3.42857142857143	56.7142857142857	2589	27.0392156862745	27.0392156862745
10/17/20 00:00	3.13856427378965	2995	58	5	63	994	90	94	1585	104	94	3.39482562221355	82.1428571428571	0	0	2351	2997	2351	3.13646980313647	3.6732845248331	57.7142857142857	4.14285714285714	61.8571428571429	2683	31.8617021276596	31.8829787234043
10/18/20 00:00	3.3064857990674	2359	61	5	66	1072	78	78	1585	104	78	3.67318292447741	93	0	0.142857142857143	2354.28571428571	2357	2353	3.30929147221044	4.11460186019343	63	4.85714285714286	67.8571428571429	2761	30.2435897435897	30.2179487179487
10/19/20 00:00	7.31707317073171	1476	66	5	71	1170	98	108	1595	104	108	4.11159548339328	114.142857142857	0	0.142857142857143	2506.14285714286	1476	2500.71428571429	7.31707317073171	4.72306520433443	68	5.57142857142857	73.5714285714286	2869	13.6666666666667	13.6666666666667
10/20/20 00:00	3.79491320145337	2477	73	6	79	1252	82	94	1607	104	94	4.71148216724751	122.285714285714	0	0.142857142857143	2556.42857142857	2477	2549.71428571429	3.79491320145337	4.92721465295553	75	6.28571428571429	81.2857142857143	2963	26.3510638297872	26.3510638297872
10/21/20 00:00	5.53295362082994	2458	81	6	87	1380	128	136	1614	105	136	4.9135118912758	132.571428571429	1	0.142857142857143	2606.57142857143	2449	2597.85714285714	5.5532870559412	5.19043385238749	81	7	88	3099	18.0735294117647	18.0073529411765
10/22/20 00:00	6.19205298013245	3020	86	8	94	1537	157	187	1644	105	187	5.17388094344469	147	0	0.285714285714286	2692.42857142857	2991	2720.28571428571	6.25208960213975	5.51330420567737	87.4285714285714	7.71428571428571	95.1428571428571	3286	16.1497326203209	15.9946524064171
10/23/20 00:00	5.11254019292605	3110	100	9	109	1695	158	159	1645	105	159	5.56542544319182	157.285714285714	0	0.571428571428571	2842.57142857143	3101	2862	5.12737826507578	5.50991588746911	93.4285714285714	8.28571428571429	101.714285714286	3445	19.559748427673	19.503144654088
10/24/20 00:00	4.96114763897191	3346	100	10	110	1849	154	166	1657	105	166	5.53771082379903	177.285714285714	0	1	2897	3334	2871.85714285714	4.97900419916017	6.28076938253699	99.7142857142857	8.71428571428571	108.428571428571	3611	20.1566265060241	20.0843373493976
10/25/20 00:00	6.0472972972973	2960	106	10	116	2013	164	179	1671	106	179	6.16522947171697	185.857142857143	1	0.857142857142857	3012.57142857143	3214	2901.28571428571	5.56938394523958	6.54205659622954	105.285714285714	9.42857142857143	114.714285714286	3790	16.536312849162	17.9553072625698
10/26/20 00:00	7.12307083498219	2527	108	9	117	2184	171	180	1678	108	180	6.23186292839407	191.285714285714	2	1.14285714285714	2972.71428571429	2468	2863.28571428571	7.29335494327391	6.82845532934457	112.142857142857	9.28571428571429	121.428571428571	3970	14.0388888888889	13.7111111111111
10/27/20 00:00	8.18754373687894	2858	117	9	126	2325	141	234	1768	111	234	6.51995292586407	202.714285714286	3	1.28571428571429	2935.85714285714	2546	2826.71428571429	9.19088766692852	7.29105180616402	118.142857142857	9.28571428571429	127.428571428571	4204	12.2136752136752	10.8803418803419
10/28/20 00:00	5.99938781756964	3267	120	11	131	2504	179	196	1785	111	196	6.98173590371294	207.857142857143	0	1.57142857142857	2905.57142857143	2655	2778.71428571429	7.38229755178908	7.54231195154274	125.857142857143	9.14285714285714	135	4400	16.6683673469388	13.5459183673469
10/29/20 00:00	8.20868296242247	2741	134	7	141	2714	210	225	1798	113	225	7.19377726115036	217.285714285714	2	1.57142857142857	2892.85714285714	2725	2728.28571428571	8.25688073394496	7.97003415320398	133.714285714286	9.57142857142857	143.285714285714	4625	12.1822222222222	12.1111111111111
10/30/20 00:00	8.34502103786816	2852	142	9	151	2950	236	239	1799	114	238	7.54896507323473	227.857142857143	1	1.42857142857143	2866.57142857143	2845	2724.28571428571	8.36555360281195	8.41524574210396	141.714285714286	11	152.714285714286	4863	11.9831932773109	11.953781512605
10/31/20 00:00	6.44543714103382	3134	154	9	163	3124	174	202	1825	116	202	8.08006958110843	232.428571428571	2	1.42857142857143	2870.85714285714	2998	2768.42857142857	6.73782521681121	8.43326003837211	151.285714285714	13.4285714285714	164.714285714286	5065	15.5148514851485	14.8415841584158
11/01/20 00:00	8.53361198188784	2871	161	13	174	3362	238	245	1831	117	245	8.22620994952422	241.857142857143	1	1.85714285714286	2814.71428571429	2861	2798.57142857143	8.56343935686823	8.68459765259664	164.428571428571	13.4285714285714	177.857142857143	5310	11.7183673469388	11.6775510204082
11/02/20 00:00	10.8408023900982	2343	164	19	183	3605	243	254	1841	118	254	8.67147088064585	260.857142857143	1	2.14285714285714	2910.57142857143	2440	2894.57142857143	10.4098360655738	9.01057335160791	176.285714285714	14	190.285714285714	5564	9.2244094488189	9.60629921259843
11/03/20 00:00	9.21052631578947	2888	184	26	210	3640	35	266	2069	121	266	8.99771329113884	264.428571428571	3	2.57142857142857	2911.85714285714	2855	2898.85714285714	9.3169877408056	9.12729550772795	186.285714285714	14.8571428571429	201.142857142857	5830	10.8571428571429	10.7330827067669
11/04/20 00:00	9.11621433542102	2874	212	11	223	3893	253	262	2074	124	262	9.12378783104293	291.571428571429	3	2.85714285714286	2971.28571428571	2866	2975.28571428571	9.14166085136078	9.7498042420697	196.714285714286	15.8571428571429	212.571428571429	6092	10.969465648855	10.9389312977099
11/05/20 00:00	10.4923798358734	3412	217	11	228	4244	351	358	2078	128	358	9.78047588534192	307.857142857143	4	3.28571428571429	3015.71428571429	3397	3012.14285714286	10.5387106270238	10.1707556754929	207	16.2857142857143	223.285714285714	6450	9.53072625698324	9.48882681564246
11/06/20 00:00	9.22754281719678	2861	212	15	227	4481	237	264	2101	132	264	10.1731330943584	334.857142857143	4	3.71428571428571	2995.85714285714	2875	2977.28571428571	9.18260869565217	11.5654993653185	220.142857142857	15.8571428571429	236	6714	10.8371212121212	10.8901515151515
11/07/20 00:00	11.0422535211268	3550	227	16	243	4795	314	392	2175	136	392	11.4958496831725	355.285714285714	4	4.28571428571429	3023.57142857143	3533	3008.14285714286	11.0953863572035	12.1370921758496	234.285714285714	14.8571428571429	249.142857142857	7106	9.05612244897959	9.01275510204082
11/08/20 00:00	11.2822124450031	3182	233	16	249	5020	225	359	2305	140	359	12.0758607100908	371.571428571429	4	4.57142857142857	3094.57142857143	3119	3077.42857142857	11.5100993908304	12.4340736520439	244.857142857143	15.8571428571429	260.714285714286	7465	8.86350974930362	8.68802228412256
11/09/20 00:00	20.0998185117967	2204	256	16	272	5445	425	443	2319	144	443	12.3669672691999	381.285714285714	4	4.14285714285714	3080.42857142857	2196	3065.42857142857	20.1730418943534	12.7654630571006	256.428571428571	17.2857142857143	273.714285714286	7908	4.97516930022573	4.95711060948081
11/10/20 00:00	13.270603504218	3082	283	19	302	5847	402	409	2319	151	409	12.7049753587066	400.833333333333	7	4.16666666666667	3117	3071	3097.16666666667	13.318137414523	13.3626054506753	263.833333333333	17.6666666666667	281.5	8317	7.53545232273839	7.50855745721271
11/11/20 00:00	11.1539602491842	3371	286	18	304	6137	290	376	2400	156	376	13.2845474489583	402.6	5	4.2	3030.4	3351	3010	11.220531184721	13.8160492693697	271.2	18	289.2	8693	8.96542553191489	8.91223404255319
11/12/20 00:00	12.8584364624208	3313	298	21	319	6560	423	426	2402	157	426	13.7330062345246	413.5	1	4.25	2992.5	3313	2982.75	12.8584364624208	14.3925367390045	280.75	18.5	299.25	9119	7.77699530516432	7.77699530516432

