settimana	ricoverati_con_sintomi	terapia_intensiva	totale_ospedalizzati	isolamento_domiciliare	totale_positivi	variazione_totale_positivi	nuovi_positivi	dimessi_guariti	deceduti	casi_da_sospetto_diagnostico	casi_da_screening	totale_casi	tamponi	casi_testati	note	tamponi sett	positivi sett	casi testati	tasso	tasso/casi test	morti sett	Rt casi	Rt osp	Rt tasso	Media 4 sett	variazione media	media morti	variazione media	variaz osp	var terpint
																														
1	76	19	95	71	166	335	535	0	6	0	0	172	1463	938	0	1463	172	938	11.7566643882433	18.3462648411923	6	#DIV/0!	#DIV/0!	#DIV/0!	#RIF!	#RIF!	#RIF!	#RIF!	95	19
2	478	127	605	472	1077	820	1039	139	38	0	0	1254	7925	5079	0	6462	1082	4141	16.7440420922315	26.1290635329645	32	6.2906976744186	6.36842105263158	1.42421706865899	2539.25161561042	63.0788643533123	19	68.421052631579	510	108
3	2802	440	3242	1248	4490	2102	2867	646	333	0	0	5469	20135	12903	0	12210	4215	7824	34.5208845208845	53.8698111179981	295	3.89556377079482	5.35867768595041	2.06168166149682	4300.97424019481	81.9220263223243	111	165.765765765766	2637	313
4	6171	823	6994	3867	10861	1333	3068	2368	1420	0	0	14649	43565	27917	0	23430	9180	15014	39.1805377720871	61.141196078189	1087	2.1779359430605	2.15731030228254	1.13498070272167	6979.33732707053	115.12682199013	355	206.197183098592	3752	383
5	9266	1183	10449	8461	18910	1908	3147	6075	3776	0	0	28761	73242	46935	0	29677	14112	19018	47.5519762779257	74.2048187910612	2356	1.53725490196078	1.49399485273091	1.21366318539412	11499.3654080063	65.3798464732024	942.5	149.973474801061	3455	360
6	11815	1330	13145	11861	25006	518	2491	10337	6818	0	0	42161	111057	71168	0	37815	13400	24233	35.4356736744678	55.2973388189907	3042	0.949546485260771	1.25801512106422	0.745198758246302	16522.2774524374	46.6664080983592	1695	79.4690265486726	2696	147
7	11914	1343	13257	15212	28469	1352	2539	13863	9202	0	0	51534	154989	99320	0	43932	9373	28153	21.3352453792224	33.2936323818567	2384	0.699477611940299	1.00852034994294	0.602083808966639	21604.3051969418	30.3098165423347	2217.25	7.52057729169016	112	13
8	12028	1143	13171	18764	31935	972	2117	17478	10901	0	0	60314	211092	135272	0	56103	8780	35952	15.6497869989127	24.4214793846983	1699	0.936733169742878	0.993512861129969	0.733518022443437	26838.6880383827	33.9557205704155	2370.25	-28.3197974897163	-86	-200
9	10138	901	11039	23548	34587	783	1655	20008	12376	0	0	66971	270486	173333	0	59394	6657	38061	11.2082028487726	17.4903910724046	1475	0.758200455580866	0.8381292232936	0.716188843308302	31599.5044586411	20.447770274381	2150	-31.3953488372093	-2132	-242
10	7525	680	8205	27236	35441	534	1116	24589	13449	0	0	73479	342850	211523	0	72364	6508	38190	8.99342214360732	17.0411102382823	1073	0.977617545440889	0.743273847268774	0.974312705058311	35088.8467397573	8.83800280825118	1657.75	-35.2737143718896	-2834	-221
11	6414	532	6946	30361	37307	309	859	26504	14294	0	0	78105	418835	251661	0	75985	4626	40138	6.08804369283411	11.5252379291445	845	0.710817455439459	0.846556977452773	0.676319662744356	38085.2141229121	5.38998118919061	1273	-33.6213668499607	-1259	-148
12	5397	341	5738	24673	30411	-28	690	36406	15054	0	0	81871	492642	292603	0	73807	3766	40942	5.10249705312504	9.19837819354208	760	0.814094249891915	0.826086956521739	0.798107444730636	39332.7246345467	4.09144136442519	1038.25	-26.7999036840838	-1208	-191
13	4482	252	4734	22339	27073	-373	460	42403	15543	0	0	85019	581437	343213	0	88795	3148	50610	3.54524466467706	6.22011460185734	489	0.835900159320234	0.825026141512722	0.676218619302292	42470	19.1664704497292	791.75	-38.238080202084	-1004	-89
14	3721	196	3917	21298	25215	-1212	358	46169	15874	0	0	87258	675882	400252	0	94445	2239	57039	2.37069193710625	3.92538438612178	331	0.711245235069886	0.827418673426278	0.631079109852678	47182.25	20.890801095751	606.25	-45.4020618556701	-817	-56
15	3085	167	3252	17609	20861	-214	175	52026	16131	0	0	89018	757446	447874	0	81564	1760	47622	2.15781472218135	3.69577086220654	257	0.786065207682001	0.830227214705131	0.941505467661452	49053.25	-2.91774754985653	459.25	-44.0391943385955	-665	-29
16	2708	107	2815	16504	19319	-897	438	54768	16302	0	0	90389	826465	489775	0	69019	1371	41901	1.98640953940219	3.27199828166392	171	0.778977272727273	0.865621156211562	0.885335807780678	49293	-14.9960440630516	312	-45.1923076923077	-437	-60
17	2018	94	2112	13864	15976	-81	387	59484	16457	0	0	91917	899278	534981	0	72813	1528	45206	2.09852636205073	3.38008228996151	155	1.11451495258935	0.750266429840142	1.03303302721865	47942	-5.70689583246423	228.5	-32.1663019693654	-703	-13
18	1047	51	1098	12540	13638	-250	240	62900	16573	0	0	93111	964735	575981	0	65457	1194	41000	1.8240982629818	2.91219512195122	116	0.781413612565445	0.519886363636364	0.8615752138935	43932.25	-6.67448173039168	174.75	-33.6194563662375	-1014	-43
19	321	43	364	10459	10823	-105	176	66376	16640	88821	5018	93839	1030431	615813	0	65696	728	39832	1.10813443740867	1.82767624020888	67	0.609715242881072	0.331511839708561	0.627594018832194	41984.75	-5.12745699331305	127.25	-47.3477406679764	-734	-8
20	233	36	269	9223	9492	-161	188	68335	16700	88967	5560	94527	1088960	651688	0	58529	688	35875	1.17548565668301	1.91777003484321	60	0.945054945054945	0.739010989010989	1.04929417620707	40478.25	-11.3721566520292	99.5	-39.6984924623116	-95	-7
21	168	30	198	7813	8011	-8	127	70375	16757	89209	5934	95143	1149414	689917	0	60454	616	38229	1.01895656201409	1.61134217478877	57	0.895348837209302	0.736059479553903	0.840216577333535	38734	-1.30376413486859	75	-24	-71	-6
22	151	21	172	6969	7141	-103	130	71611	16796	89367	6181	95548	1206495	724365	0	57081	405	34448	0.709518053292689	1.1756850905713	39	0.657467532467532	0.868686868686869	0.729630930640423	37096	-7.13823592840198	55.75	-30.0448430493274	-26	-9
23	137	14	151	6574	6725	-180	72	72429	16801	89531	6424	95955	1265549	759439	0	59054	407	35074	0.689199715514614	1.16040371785368	5	1.00493827160494	0.877906976744186	0.987002154879595	35906.5	-2.31852171612382	40.25	-87.5776397515528	-21	-7
24	162	9	171	5624	5795	15	96	73724	16818	89689	6648	96337	1320427	794279	0	54878	382	34840	0.696089507635118	1.09644087256028	17	0.938574938574939	1.13245033112583	0.944878800102681	35647.75	-2.26592141158979	29.5	-42.3728813559322	20	-5
25	150	9	159	5388	5547	-21	92	74504	16833	90038	6846	96884	1374709	822142	0	54282	547	27863	1.00770052687815	1.96317697304669	15	1.43193717277487	0.929824561403509	1.79049962672636	33056.25	-15.7103422197013	19	-21.0526315789474	-12	0
26	147	14	161	5174	5335	164	282	75248	16840	90391	7032	97423	1417928	845795	0	43219	539	23653	1.24713667599898	2.2787807043504	7	0.985374771480804	1.0125786163522	1.16076173245549	30357.5	-22.0851519393889	11	-36.3636363636364	2	5
27	153	15	168	5696	5864	266	345	75705	16857	91020	7406	98426	1491278	896473	0	73350	1003	50678	1.36741649625085	1.97916255574411	17	1.860853432282	1.04347826086957	0.868518217644071	34258.5	47.9282513828685	14	21.4285714285714	7	1
28	195	22	217	6735	6952	232	333	76258	16865	91637	8438	100075	1596833	974484	0	105555	1649	78011	1.56221874851973	2.1138044634731	8	1.64406779661017	1.29166666666667	1.06802973678853	45051.25	73.1605671318776	11.75	-31.9148936170213	49	7
29	242	26	268	7842	8110	301	374	76818	16886	92479	9335	101814	1716130	1059954	0	119297	1739	85470	1.45770639664032	2.03463203463203	21	1.05457853244391	1.23502304147465	0.962545055510489	59453	43.7606176307335	13.25	58.4905660377359	51	4
30	262	28	290	8558	8848	131	336	77715	16901	93294	10170	103464	1830924	1134109	0	114794	1650	74155	1.43735735317177	2.22506911199515	15	0.948821161587119	1.08208955223881	1.09359779759761	72078.5	2.88088681090755	15.25	-1.63934426229508	22	2
31	283	36	319	8757	9076	219	306	78849	16923	94073	10775	104848	1953299	1213246	0	122375	1384	79137	1.13094994892748	1.74886589079697	22	0.838787878787879	1.1	0.785982728073027	79193.25	-0.071028780862005	16.5	33.3333333333333	29	8
32	306	31	337	8997	9334	296	433	80041	16948	94891	11432	106323	2076349	1293542	0	123050	1475	80296	1.19869971556278	1.83695327289031	25	1.06575144508671	1.0564263322884	1.05036828870463	79764.5	0.666336528154756	20.75	20.4819277108434	18	-5
33	305	41	346	9186	9532	998	1283	81811	16973	96143	12173	108316	2195207	1370079	0	118858	1993	76537	1.67679079237409	2.60396932202725	25	1.35118644067797	1.02670623145401	1.41754793682373	77531.25	-1.28238613462314	21.75	14.9425287356322	9	10
34	463	50	513	12866	13379	2199	3671	83353	16988	99501	14219	113720	2332922	1458192	0	137715	5404	88113	3.92404603710562	6.13303371806657	15	2.71149021575514	1.48265895953757	2.35526343040472	81020.75	8.75362175738931	21.75	-31.0344827586207	167	9
35	1136	113	1249	23385	24634	6638	7449	86738	17084	109408	19048	128456	2516861	1575120	0	183939	14736	116928	8.01135158938561	12.6026272577997	96	2.72686898593634	2.43469785575049	2.05487656470485	90468.5	29.2471965380215	40.25	138.509316770186	736	63
36	2459	242	2701	47624	50325	10406	12177	90356	17252	129608	28325	157933	2737039	1711397	0	220178	29477	136277	13.3878044127933	21.6302090594891	168	2.00033930510315	2.16253002401922	1.7163253833523	104463.75	30.453865575379	76	121.052631578947	1452	129
37	4406	435	4841	89577	94418	9124	11596	97576	17635	166581	43048	209629	3008361	1871538	0	271322	51696	160141	19.0533756938251	32.2815518824036	383	1.75377412898192	1.79229914846353	1.49242902801449	125364.75	27.740054520908	165.5	131.419939577039	2140	193
38	6414	670	7084	124375	131459	5311	12837	115630	18442	203758	61773	265531	3277767	2014134	0	269406	55902	142596	20.7500946526803	39.2030631995287	807	1.08136025998143	1.4633340218963	1.21441073658228	138985.5	2.59775300301111	363.5	122.008253094911	2243	235
39	7901	855	8756	143583	152339	-8481	9222	153103	19466	245017	79891	324908	3568531	2160155	0	290764	59377	146021	20.4210287380831	40.6633292471631	1024	1.06216235555079	1.2360248447205	1.03724877416344	146258.75	-0.16255437708855	595.5	71.9563392107473	1672	185
40	8331	945	9276	140642	149918	-12176	8492	206317	20664	280138	96761	376899	3831713	2262985	0	263182	51991	102830	19.7547704630256	50.560147816785	1198	0.875608400559139	1.05938784833257	1.24338436504956	137897	-25.429849815442	853	40.4454865181712	520	90
41	7433	906	8339	117069	125408	-6596	4342	260528	21855	299979	107812	407791	4072678	2349286	0	240965	30892	86301	12.8201191044343	35.7956454734012	1191	0.594179761881864	0.898986632169038	0.707981424483054	119437	-27.7434965714142	1055	12.8909952606635	-937	-39
42	6362	781	7143	108857	116000	904	3897	291591	23080	0	0	430671	4296089	2420283	0	223411	22880	70997	10.2412146223776	32.2267138048087	1225	0.740644827139713	0.856577527281449	0.900297043917128	101537.25	-30.0778778231634	1159.5	5.64898663216904	-1196	-125
43	5053	685	5738	72583	78321	-7859	3689	342409	23877	0	0	444607	4449633	2468555	0	153544	13936	48272	9.07622570728912	28.8697381504806	797	0.609090909090909	0.803303933921322	0.895832517250731	77100	-37.390402075227	1102.75	-27.7261391974609	-1405	-96
44	4232	561	4793	56521	61314	-7467	950	374434	24420	0	0	460168	4640399	2534888	0	190766	15561	66333	8.15711395112337	23.4589118538284	543	1.11660447761194	0.835308469850122	0.812577922652128	67975.75	-2.41667065093066	939	-42.1725239616613	-945	-124

